/group/left_iliac_branch2/0
0
posId 0
-1.729992284041396 -3.9449906926833473 -14.910489982236848
-1.6080281588672947 -3.9317611487918636 -14.86815135243291
-1.5127805646001202 -3.881586922659988 -14.791074576641808
-1.4639283729394124 -3.803264839023879 -14.693450482459848
-1.4619963987526656 -3.710539188771876 -14.59058111916909
-1.5230992884546404 -3.617332992552776 -14.501509802671281
-1.6438061321475164 -3.5553924511045194 -14.460525345098455
-1.77679 -3.5363981586334456 -14.469772607924693
-1.896239374642118 -3.547071488559715 -14.508715848678277
-1.9990377364441514 -3.582154882451896 -14.570838822487328
-2.0670152408899276 -3.647121409991944 -14.658057091564528
-2.0887872270260326 -3.7325152492051754 -14.757337275079625
-2.0638617030929174 -3.829098546341619 -14.85836285982917
-1.9577227924354392 -3.9047288100234674 -14.917781324190289

/group/left_iliac_branch2/1
1
posId 1
-1.727777211227073 -3.9552381284248876 -14.921179841448382
-1.6015192567434555 -3.939272761620018 -14.87501916301597
-1.5033728657733647 -3.886727536370229 -14.794632814062826
-1.4501531935802907 -3.8062635996728655 -14.693414735369938
-1.4472482806484266 -3.7095645221337783 -14.585534729305943
-1.5088162528413156 -3.6110719720712074 -14.49019762680474
-1.6356017368304285 -3.5448003637862473 -14.445288316639871
-1.776902 -3.5253750576683256 -14.455596267240946
-1.9037775400148422 -3.5362479078502744 -14.496249280849035
-2.012903016309926 -3.57355146665256 -14.562209416730092
-2.0812915138600507 -3.643628826995274 -14.655329203224252
-2.1023712929523786 -3.7330348212967377 -14.759218687086214
-2.0763551765448587 -3.8335308978860314 -14.864790476673827
-1.9667152982820229 -3.9131423109203904 -14.928356161657309

/group/left_iliac_branch2/2
2
posId 2
-1.7280919370954495 -3.9563393928318833 -14.920208565900516
-1.6018024362827676 -3.940309917752523 -14.874156545813257
-1.5036315228312325 -3.8878038507686536 -14.793774598745996
-1.450398553374643 -3.8074763867469446 -14.692455230497295
-1.4474929146323567 -3.710989436178132 -14.584385554576105
-1.5090762699630336 -3.612763803649066 -14.488783455252197
-1.635893432087713 -3.546739068205399 -14.443600847154531
-1.777229 -3.5274681996230686 -14.453712799462131
-1.9041362406514626 -3.538416936756128 -14.4942463085033
-2.013288982620211 -3.5757237865995575 -14.560159419101778
-2.0816945674584733 -3.6456996602121365 -14.653342894466387
-2.1027796134636905 -3.7349240232949468 -14.75738727333496
-2.0767569967689408 -3.835176759728648 -14.863188492339074
-1.9670897243059347 -3.914525233974664 -14.927035005867694

/group/left_iliac_branch2/3
3
posId 3
-1.7286062525787536 -3.9584427361080183 -14.918342591946313
-1.6022841506868275 -3.9423455510658947 -14.872403743115031
-1.5040878948457168 -3.889879917669474 -14.792026350082377
-1.450841183532168 -3.8096948948098435 -14.690601429059924
-1.4479347947120185 -3.713429769444287 -14.582334132090176
-1.5095340475150452 -3.61548360174508 -14.486455948592907
-1.6363839469324162 -3.5497177126312307 -14.440988628764998
-1.777756 -3.5306090989198466 -14.450896413872233
-1.9046960011975296 -3.5416378673107194 -14.491305451007237
-2.01387692046659 -3.5789487346020326 -14.557169601185066
-2.082300163905747 -3.6488188350732242 -14.650419457562995
-2.1033906529228634 -3.737853361026764 -14.754625230993806
-2.077361318604055 -3.83785147720454 -14.860665487638107
-1.9676657360169525 -3.916924393947865 -14.92480456481708

/group/left_iliac_branch2/4
4
posId 4
-1.7320036613900842 -3.949767160379607 -14.90303676311571
-1.613134687468494 -3.9338615175985137 -14.859150458005098
-1.5213468565809263 -3.8840890150856655 -14.783163907566122
-1.4741165600383888 -3.8083529709168107 -14.687778196415515
-1.4695305706853843 -3.7187966009196334 -14.586210197512797
-1.5229158447331612 -3.6252867167586813 -14.49289521973851
-1.64270689539217 -3.56143920893713 -14.447427637638526
-1.778469 -3.5438875562275016 -14.457442996204021
-1.899191449100555 -3.5558016034037503 -14.497252898245804
-1.9992658458380488 -3.593895878411137 -14.56194012199278
-2.0610506635600463 -3.6597934700574055 -14.649464744096827
-2.0810729986898537 -3.742192991516134 -14.74637592961595
-2.0584063706177176 -3.8353234221090076 -14.845990482608787
-1.9583787615280417 -3.9111592734050427 -14.909247009702062

/group/left_iliac_branch2/5
5
posId 5
-1.7334597067181654 -3.951247195655091 -14.896760402278288
-1.6174637149527467 -3.9338874335006144 -14.852055255877177
-1.5287764509068635 -3.8845784460533417 -14.777223397753728
-1.4832142624619555 -3.810844403604471 -14.684178112718865
-1.4791314408961302 -3.7239831385535713 -14.585307788651011
-1.5322677439275163 -3.634017963661425 -14.495328344553672
-1.6471399253351608 -3.5712685678677656 -14.449420907349548
-1.779354 -3.5507264176508184 -14.454882286047889
-1.8993861795298344 -3.5621236400521137 -14.493735380326516
-1.9952368011816117 -3.6025153752337085 -14.560059318916146
-2.049805537186513 -3.668622978683376 -14.6464520113343
-2.0699967570199584 -3.7472623493109323 -14.739536118896522
-2.0505075078268544 -3.8371531982492457 -14.83671888321566
-1.956242562328029 -3.9126934464239094 -14.901518415574667

/group/left_iliac_branch2/6
6
posId 6
-1.7269991384356522 -3.9885416887894425 -14.927572710341735
-1.5852047903380373 -3.9759110623335547 -14.882899826585497
-1.4734775381275311 -3.919053606123999 -14.794532310959186
-1.4259838308110253 -3.8273190709091502 -14.680382695511911
-1.4353513239341913 -3.7250158659966317 -14.566426486690197
-1.5063814961369157 -3.6267428187194932 -14.470239513635958
-1.634367087872741 -3.5582959903274007 -14.420054103185118
-1.780398 -3.5293309893987947 -14.418484935137451
-1.922872506776541 -3.532886187600888 -14.453016347158723
-2.0459808835209965 -3.5743567345424965 -14.526379177383188
-2.113716028739285 -3.6553219636459655 -14.632655058310117
-2.1240913422863716 -3.75220475937529 -14.744693808315757
-2.0849579155830193 -3.853119001928667 -14.850703194870336
-1.97845267748269 -3.9370418026329483 -14.923029372559432

/group/left_iliac_branch2/7
7
posId 7
-1.7270637019415733 -3.9989380386126436 -14.927845918851146
-1.581621774020996 -3.9866750791116075 -14.883120637751995
-1.4682152197300353 -3.927941498907539 -14.792228675565589
-1.4244352535750688 -3.833602861723329 -14.675497412398903
-1.4370081624507327 -3.7311404295179296 -14.561427550277962
-1.5078136557713246 -3.633320679786292 -14.464960552801143
-1.6347982317150687 -3.564074604984733 -14.412925148665023
-1.781585 -3.5333088365284038 -14.408915091973217
-1.9267515637224326 -3.5358429136209044 -14.442498688155512
-2.052623508187424 -3.5777946480183895 -14.516908141817416
-2.1230593988615905 -3.6598372416953437 -14.625267975341593
-2.1325667420115675 -3.758807795625241 -14.740028832477538
-2.089206428540448 -3.8604326734706715 -14.846634269375112
-1.9815182262750162 -3.9447207673910545 -14.919886408065098

/group/left_iliac_branch2/8
8
posId 8
-1.726723681397138 -4.0123772978822565 -14.930000493845645
-1.5779354818222142 -3.998427196832996 -14.882973225689105
-1.4700542516898762 -3.9339412068682917 -14.786605482806026
-1.4309430967547803 -3.8391332393638877 -14.669862446833157
-1.4383661099483571 -3.7380293897269623 -14.55562012626218
-1.501796264793484 -3.637109859661444 -14.453277030574121
-1.6313066009434805 -3.565196108780187 -14.39794371878041
-1.782902 -3.5370615105626584 -14.397358384917801
-1.9304487657445115 -3.540184514900114 -14.431726605339822
-2.0602267160005745 -3.5815654667076946 -14.506202416086634
-2.1290913526499673 -3.6662840392127585 -14.617599601637883
-2.1369133050993177 -3.766325872658152 -14.73380709602865
-2.095313921441028 -3.869112320389996 -14.842844183651197
-1.9879833402998663 -3.9561468556223485 -14.920123601949193

/group/left_iliac_branch2/9
9
posId 9
-1.7361685347109486 -3.9851246431565714 -14.88592457597192
-1.6091376653465346 -3.9724623063037323 -14.845203844478954
-1.5132259812297266 -3.919339982074848 -14.764290394948404
-1.4785051935557396 -3.837584634711348 -14.662992397689575
-1.4872831307374874 -3.7502694135566226 -14.56424173660272
-1.5426289030904297 -3.663937488527437 -14.476205378202216
-1.6527049623725656 -3.6007109683303486 -14.42603983446613
-1.784335 -3.5750779134584185 -14.42360390130723
-1.911677704625311 -3.5805755826858614 -14.45613758648833
-2.0191293198082025 -3.6193943752597417 -14.522952810837433
-2.0793217803563513 -3.6903723401750423 -14.617080104668776
-2.0891386320084653 -3.7752912034733 -14.716897092649521
-2.053067459479848 -3.863361721305282 -14.81090168500492
-1.9598013455332155 -3.937011973413982 -14.876530596172744

/group/left_iliac_branch2/10
10
posId 10
-1.7302778623441561 -4.024621263134091 -14.914167408639283
-1.5848833247644647 -4.008540184765621 -14.866072578069101
-1.4792164573158084 -3.9454404358910518 -14.771562377670381
-1.4436487220396834 -3.852554050650446 -14.656753758085083
-1.451895320709769 -3.755065222355274 -14.545493267598932
-1.5095501622338523 -3.656261768318113 -14.442723228120498
-1.6351871280129384 -3.5841291438215457 -14.384626476654503
-1.785869 -3.555986691458661 -14.382563996346638
-1.9328650752177783 -3.5596366640366544 -14.416583116694243
-2.0587886195617795 -3.603159965303492 -14.49252113393982
-2.126501922458505 -3.6861199850624806 -14.60234576013055
-2.1321828509172502 -3.783896242491979 -14.716761833456856
-2.0836914825563246 -3.8811865590995485 -14.81963615883689
-1.9819185525702938 -3.9638095553416597 -14.8947214410418

/group/left_iliac_branch2/11
11
posId 11
-1.7328205342770582 -4.029081593055278 -14.902458326253495
-1.590689151237688 -4.012206444925916 -14.85445086206257
-1.4871043500676877 -3.950582486585328 -14.761971229009559
-1.4496546181531793 -3.860389060789087 -14.649378139660435
-1.4584143758627124 -3.764593335953394 -14.539468528265028
-1.5163264185090544 -3.668214714978125 -14.438679574483723
-1.6397855559391448 -3.598089018038321 -14.38155899490997
-1.78749 -3.571348426998932 -14.37984064503371
-1.9317053585146482 -3.574369259547118 -14.412115509972104
-2.0568378439924606 -3.6159985804145065 -14.485586304678455
-2.1207526357133273 -3.6985061609115064 -14.594497687437316
-2.1268752392299897 -3.7937989026048418 -14.706788308194062
-2.083766536333802 -3.890096753619996 -14.81043463282465
-1.9824093305771482 -3.9717378222052533 -14.88538384515924

/group/left_iliac_branch2/12
12
posId 12
-1.734496549113009 -4.038147296936035 -14.89473194187889
-1.59231580785168 -4.021133993024753 -14.846919809603635
-1.4886950346007892 -3.959594257182875 -14.754424439898058
-1.451232297450276 -3.869685875584322 -14.6416079884756
-1.4599950971766817 -3.774261680998608 -14.531375968413336
-1.5179272510426145 -3.678326430000071 -14.43017648299793
-1.6414292623502245 -3.6086385746832454 -14.372614490427804
-1.789185 -3.5822075427129128 -14.370551235162724
-1.9334504404425323 -3.5854214209970205 -14.402582706407099
-2.058626380904462 -3.6270720103754828 -14.475967339707537
-2.122563368430426 -3.7093608632898607 -14.585031008377769
-2.1286880981546643 -3.804305050363644 -14.697616309421074
-2.0855644248214036 -3.9001808122674286 -14.801646929219249
-1.9841720205649396 -3.981372191731445 -14.87703567718144

/group/left_iliac_branch2/13
13
posId 13
-1.7311200631090602 -4.069257001920016 -14.910990382578472
-1.5825748294795559 -4.042955953513123 -14.851373660904079
-1.4751487010401791 -3.976808661991893 -14.75259098813743
-1.4267880960119665 -3.8843179089910653 -14.634041649086042
-1.4281001093389878 -3.7811381804421518 -14.512412365807272
-1.4896738560294376 -3.674871821895206 -14.39871853075879
-1.6275119452731444 -3.598921714389839 -14.335492919245867
-1.790938 -3.5700556075516485 -14.332803140134642
-1.9500983902295765 -3.5744627878111555 -14.368597747708359
-2.0836258077928154 -3.623458123638094 -14.452135946362235
-2.1508700197090223 -3.713205276125233 -14.571073587058644
-2.1606568418201175 -3.815256127540055 -14.69350243554231
-2.1185049509338008 -3.920652391112049 -14.80990110219553
-2.0093188507797652 -4.0123919303805655 -14.897284587454955

/group/left_iliac_branch2/14
14
posId 14
-1.7327844381446478 -4.079751530724947 -14.903096522693573
-1.583993271188535 -4.053178750891999 -14.843470712952858
-1.4762604569469817 -3.9870967907918846 -14.744562511422282
-1.427780724217379 -3.8947559094769244 -14.625562927218581
-1.428482496908173 -3.7917641925905032 -14.50314781104735
-1.4903649787654263 -3.685707849694441 -14.388602456515994
-1.628800623719807 -3.610176584137073 -14.32478801031943
-1.792736 -3.5806470366343004 -14.320509746770128
-1.9533028313777754 -3.5848974577983896 -14.355791330958494
-2.0874316657783525 -3.634698270188342 -14.440295635756717
-2.155553106117902 -3.7246352851513125 -14.560132155484093
-2.1654013647452413 -3.8270462059283847 -14.683842070456862
-2.1218550091693666 -3.9323908333195834 -14.80099205295772
-2.0120345991596107 -4.023857830604108 -14.889154375855265

/group/left_iliac_branch2/15
15
posId 15
-1.734590464823354 -4.090230010548675 -14.894354224072107
-1.585742281382961 -4.063517218027518 -14.834933699411692
-1.4779681841376155 -3.9975457452821055 -14.735996853876259
-1.4294698740692122 -3.9055377391508963 -14.616747443577733
-1.4301719156779291 -3.8030130776229756 -14.493941093957456
-1.4920781107812455 -3.6975446418494196 -14.3788671444919
-1.6305668040041215 -3.6225970928418647 -14.314482268656313
-1.794565 -3.5934877906290352 -14.309755260180033
-1.9551933602736398 -3.5979997806168122 -14.344722870246738
-2.0893735925813277 -3.6478099051279957 -14.429139940518459
-2.1575211369236333 -3.7374592662071353 -14.549176813046097
-2.1673731693844247 -3.8394242080519607 -14.67325407673212
-2.1238101269302296 -3.944216212925981 -14.790892268873701
-2.0139476339540647 -4.035077458138724 -14.879626511709539

/group/left_iliac_branch2/16
16
posId 16
-1.736749528456413 -4.099720837947259 -14.883722355308516
-1.588227815424053 -4.07348499399388 -14.825346742899221
-1.4746772105106591 -4.010856771379934 -14.729251850205081
-1.4194704925752566 -3.918788253571366 -14.608037492678772
-1.4197303144875768 -3.8134431574619345 -14.480728187632364
-1.4900184621363102 -3.7080816511362213 -14.365968370766971
-1.633263294097888 -3.6367576728206235 -14.305452831717083
-1.796411 -3.6059328642370185 -14.297470724850188
-1.9592833450551885 -3.60840696024936 -14.329695583985341
-2.0943878637310984 -3.6595216310959073 -14.415739973485511
-2.1661370079286892 -3.7489849869314837 -14.536774032129806
-2.1800613005425222 -3.85232302677331 -14.66420282097867
-2.13575451900165 -3.95967940125841 -14.786037688752954
-2.0186369665749364 -4.049191123035948 -14.873230689376765

/group/left_iliac_branch2/17
17
posId 17
-1.7402752793719227 -4.1039629487359655 -14.866245372488263
-1.5968900496324505 -4.07730683055469 -14.808697448696545
-1.4877661593355043 -4.016498596916344 -14.715483581233842
-1.4324663296250142 -3.928382837830485 -14.598367246294455
-1.4311937497745455 -3.8265634588756954 -14.473974171937181
-1.4996458617182795 -3.7245848711281844 -14.361563387270735
-1.6384651997725663 -3.65470501888885 -14.300586331427086
-1.798258 -3.624952767899883 -14.292208437841056
-1.9563226096498882 -3.62991530626958 -14.325864142542759
-2.0858940264225825 -3.680504288436381 -14.410186297966339
-2.154995172516176 -3.7665653702947854 -14.527207119621243
-2.1718606379289778 -3.865746244023274 -14.651105563039547
-2.134008233443809 -3.9712881682963714 -14.773205723716408
-2.0188803220758893 -4.0597818894882725 -14.861020155575565

/group/left_iliac_branch2/18
18
posId 18
-1.7420879116279722 -4.115557841611079 -14.85681330600806
-1.5986424229953895 -4.088733965640675 -14.799493952395537
-1.4894726724319907 -4.028023392758323 -14.706270116941765
-1.4341496024858529 -3.9402757630630973 -14.588888650624815
-1.432876487822605 -3.8390197807898248 -14.464036532655502
-1.501357367363283 -3.7377591322901074 -14.350995999787923
-1.640235045454885 -3.668573796634031 -14.289363339686465
-1.800095 -3.6393391398064256 -14.280460845002986
-1.9582260376804097 -3.644622420453263 -14.31375372806157
-2.0878519079708595 -3.695215631133862 -14.397989618446791
-2.1569820944236575 -3.7809504242670013 -14.515232599288403
-2.173854647695365 -3.8796169367603834 -14.639540096532201
-2.1359863354071402 -3.9844885413838727 -14.762211579885102
-2.0208100405305585 -4.072236447738983 -14.850708344762408

/group/left_iliac_branch2/19
19
posId 19
-1.743552679934906 -4.128707687028149 -14.848828627424746
-1.6000531274677692 -4.100724974427962 -14.790538378090778
-1.4912580849275738 -4.039741558931802 -14.696905931231326
-1.435226143289201 -3.952534328958187 -14.579313888721416
-1.43440592199022 -3.8517732370242714 -14.45391443679765
-1.503003494232563 -3.751279790360684 -14.34021700478532
-1.6420362662243444 -3.682936254119408 -14.278023916302834
-1.801905 -3.653852215099972 -14.268050342157709
-1.9606630031667804 -3.65899077332711 -14.300440020076104
-2.091092376461652 -3.709587294470194 -14.38470287371428
-2.160138826986139 -3.7954765263194212 -14.502787918755736
-2.1771614663356704 -3.8939207170508228 -14.627960665147391
-2.1397340482599776 -3.998632823005409 -14.752007755211274
-2.024100957456776 -4.086225065144123 -14.841963042965347

/group/left_iliac_branch2/20
20
posId 20
-1.7540200999126 -4.1056193798113405 -14.796455863215828
-1.626102144875682 -4.087604633561524 -14.753649946760234
-1.5311647551957288 -4.033714821927739 -14.670968156207044
-1.5027510443200274 -3.954262441272121 -14.5666571999232
-1.5097557377661976 -3.872992243683074 -14.46564712647571
-1.5614812407947936 -3.791842926116 -14.37184072174257
-1.6705460345856413 -3.7324708470208727 -14.3144385685383
-1.803675 -3.706193080012327 -14.302413399899482
-1.939026747487305 -3.708781163415936 -14.327008174641017
-2.054948924602637 -3.748965384048928 -14.395778104517229
-2.1133152676917613 -3.823666225024756 -14.498841903101663
-2.1185447084833395 -3.9081323890016995 -14.605796788500902
-2.0728062066586017 -3.9907714094197373 -14.702419037422718
-1.9779854646759205 -4.057476564471351 -14.771281142766979

/group/left_iliac_branch2/21
21
posId 21
-1.7581336319101486 -4.108414864957568 -14.774699405273546
-1.636929330158321 -4.090506225418207 -14.733629347021926
-1.5482183473600746 -4.038877687137287 -14.654612656786501
-1.5106685599733694 -3.9660706538673827 -14.556408477170956
-1.5165515583486946 -3.886977322970353 -14.456776077461857
-1.5714042023351444 -3.8098560075441665 -14.367047515899491
-1.679158356009839 -3.7563091557880455 -14.315271690025641
-1.805391 -3.7330106625884603 -14.30473047885522
-1.9329366222428526 -3.735883454484874 -14.327649160385603
-2.039353326943513 -3.775516026912994 -14.394094669541147
-2.0928884950706017 -3.8449173234803 -14.490385259762991
-2.1017535370490554 -3.9228156774367404 -14.590726845655313
-2.065710680028042 -4.00211542732182 -14.686065506738268
-1.9759627576625345 -4.067602274772133 -14.75573618408223

/group/left_iliac_branch2/22
22
posId 22
-1.7577655154909972 -4.128967014472554 -14.774698691554567
-1.6352018418518577 -4.106227734598381 -14.727810284157318
-1.548944537545728 -4.051774154885474 -14.645339619357886
-1.5076276577659153 -3.979733928121176 -14.546705982236896
-1.505999639434316 -3.899171912404239 -14.442817167682463
-1.5603798659202095 -3.818312659857037 -14.346602824031196
-1.6743645633720388 -3.7631831294475577 -14.292067702500502
-1.807039 -3.7411389111009026 -14.282790153602306
-1.938427445825979 -3.7465219569895436 -14.30861673244092
-2.047184231543938 -3.7878880777836175 -14.377485098697084
-2.1025895564790833 -3.8586046381293437 -14.476442302316196
-2.112867769606237 -3.9380838810441614 -14.580182323414556
-2.078921881937421 -4.02017179440232 -14.680917040368023
-1.9874235079540676 -4.089654725448146 -14.75715458322462

/group/left_iliac_branch2/23
23
posId 23
-1.7601934168288906 -4.138138794297667 -14.760551411419328
-1.640942131590326 -4.114424541841882 -14.713417960414645
-1.5551619778202124 -4.062197458992579 -14.633658951704415
-1.5102125363115912 -3.9925851415670093 -14.536783695707276
-1.506692658959438 -3.912771293396044 -14.432240065589864
-1.5625208300088516 -3.833178571244126 -14.336053852789142
-1.6777941713753004 -3.7810378408254928 -14.283743149124014
-1.808604 -3.7609616722038877 -14.275352111266987
-1.9378190443265402 -3.766109510452763 -14.29963249240699
-2.0474731026678117 -3.805187038549605 -14.365492444752713
-2.1047151012244414 -3.8745707284702293 -14.463740930921102
-2.1163759875183774 -3.9535624120436412 -14.568319455135493
-2.0822332148717195 -4.035337583972518 -14.670299647575103
-1.9879987057573565 -4.102492106639561 -14.745046531620725

/group/left_iliac_branch2/24
24
posId 24
-1.759299343523874 -4.159893772492189 -14.762628689175184
-1.6289177195945586 -4.139977517427901 -14.719687547152297
-1.5337811888655044 -4.084816626465079 -14.634613348858013
-1.4899298413236517 -4.008728897730806 -14.528386705907325
-1.493176370983164 -3.9247449216283434 -14.417710719802908
-1.554596835424369 -3.8435390628197204 -14.318114773379465
-1.6746602193679814 -3.790874653376537 -14.263736845740715
-1.810072 -3.769704810145574 -14.252971937825649
-1.945760253002454 -3.773905204848153 -14.275800540277752
-2.0639172234871275 -3.8132112140900514 -14.342833204814191
-2.126706182463904 -3.8859970610433323 -14.447102985420843
-2.136087755672534 -3.9696414743469077 -14.55893732272368
-2.0965751136931376 -4.054234037797927 -14.665801786495727
-1.9955628261761185 -4.121498858244218 -14.741917438849445

/group/left_iliac_branch2/25
25
posId 25
-1.7631518458854374 -4.16275245137431 -14.740582810703941
-1.639558573838555 -4.1431217560453915 -14.699656334362619
-1.5487788363907238 -4.091177336448763 -14.619176480372891
-1.5082224545543432 -4.019269240877057 -14.51778638749302
-1.5124269107183994 -3.9407095098066183 -14.412728935845754
-1.5684807824685214 -3.8642458778199327 -14.316592082496838
-1.6819167895480285 -3.8142323263109135 -14.262749083843454
-1.81143 -3.7948825845779455 -14.251998608266286
-1.9404507997102098 -3.800302898890981 -14.27447107939106
-2.050083386343591 -3.8393355239428395 -14.339822280523277
-2.1095174666545358 -3.9072051893940856 -14.438008852478964
-2.120443283521666 -3.985217893301188 -14.544112625455512
-2.0835016755081224 -4.064568125062602 -14.646378007748888
-1.9876716482608328 -4.127454890631786 -14.719590161971306

/group/left_iliac_branch2/26
26
posId 26
-1.7550225468492362 -4.210620082199145 -14.778715787266629
-1.6045901882100446 -4.189478872833987 -14.733706655772401
-1.4925971279576955 -4.127682516407551 -14.637250959970084
-1.44663473446106 -4.0403732214751304 -14.512999614483448
-1.4552493882493336 -3.947094867915742 -14.386436738625658
-1.5237651987515244 -3.8577593558933105 -14.271679499754699
-1.6586485812006901 -3.799592539974486 -14.206630821399955
-1.812663 -3.7773828422612716 -14.192774976680917
-1.967642742871316 -3.782560820206541 -14.216453920230498
-2.104741747704943 -3.8264559397778886 -14.2911330297575
-2.1765189599824826 -3.909129141023386 -14.411813508849805
-2.182206904887344 -4.003103733784132 -14.540860105474717
-2.1349811446389424 -4.095725886725286 -14.662389952996998
-2.021801395990185 -4.169135205548936 -14.750595901810533

/group/left_iliac_branch2/27
27
posId 27
-1.75557296248975 -4.224377126278506 -14.772810522236727
-1.6019000379287074 -4.204202507860527 -14.730073137700888
-1.4883472015793882 -4.141281061055807 -14.63163294802134
-1.444398310844095 -4.053044157445266 -14.504573101531811
-1.4549640261777508 -3.960395894869894 -14.376565134731008
-1.5232989172262388 -3.8720029735949626 -14.259987756900047
-1.658446189543247 -3.8143972067006713 -14.19264885913425
-1.813757 -3.793178754606619 -14.17790153748165
-1.9698210191851118 -3.7993704413694576 -14.20139522641031
-2.1084054592275057 -3.843447683057782 -14.275979743143015
-2.181294273811199 -3.9260693844562935 -14.397978032267295
-2.1872137165409775 -4.019831655734884 -14.529108182126903
-2.137964224470515 -4.111510566122186 -14.652080056382857
-2.0234938413021286 -4.183291936172183 -14.741129139493339

/group/left_iliac_branch2/28
28
posId 28
-1.7587195583957438 -4.227652759914945 -14.753199437538312
-1.611818887632257 -4.2067789990461995 -14.711480457421803
-1.505131960347768 -4.145901725102498 -14.616195051782055
-1.464045403597603 -4.062805014696804 -14.494704942809712
-1.4746008713520184 -3.976210984542871 -14.37247859451852
-1.5404677035553167 -3.8944892101791795 -14.261714142947925
-1.668130033798928 -3.8417008335755627 -14.19714586951169
-1.814697 -3.8221957174117027 -14.181439568997613
-1.962944332277315 -3.828192052090611 -14.202120970199704
-2.0945601190854326 -3.8702697604667975 -14.272727507343614
-2.163089425879077 -3.9482049689213117 -14.389131195555466
-2.170668536074375 -4.035949235498272 -14.514479796221641
-2.124612381720456 -4.122120768832387 -14.633194173871608
-2.014737817269822 -4.188753146176301 -14.718900236220925

/group/left_iliac_branch2/29
29
posId 29
-1.7686598077438893 -4.2056776335906205 -14.69778452596459
-1.6490825906583342 -4.1847599512952325 -14.659354586695606
-1.5676691672836611 -4.132666279703296 -14.578144398106545
-1.5373702288599713 -4.066686822904635 -14.48016545432436
-1.5436235893017642 -3.998843730451279 -14.381925121863013
-1.5907499604861781 -3.9323319246054433 -14.28835900232479
-1.6925712284870684 -3.887051837214586 -14.229332818130228
-1.815471 -3.87103056487895 -14.214267716256451
-1.9386203452843591 -3.8790443955792338 -14.234171833207542
-2.0406716872899073 -3.9180217226401477 -14.297690480914413
-2.09238364047006 -3.9808172411167297 -14.39247378472965
-2.1023648651165785 -4.0496903819399375 -14.493299650682232
-2.0704077537490764 -4.119483743534903 -14.592654137132563
-1.983723991826968 -4.175894761285055 -14.668881334505839

/group/left_iliac_branch2/30
30
posId 30
-1.7602064401702333 -4.248995192380678 -14.737309132476573
-1.618945929870164 -4.222149202987469 -14.690221237916576
-1.522115425688588 -4.160920206043847 -14.594065893544451
-1.486020480761778 -4.083765288954491 -14.477185889331414
-1.4956483506159226 -4.005036707762128 -14.36023934757533
-1.554164571946623 -3.929818437768189 -14.250967113868064
-1.6731873042951546 -3.8793101795892024 -14.181568887535903
-1.816062 -3.8600969383031627 -14.160038141712258
-1.962983535750087 -3.867660897515828 -14.178648500010882
-2.0882981576571606 -3.9124633066775902 -14.251723723915529
-2.147087321007144 -3.9882320049750555 -14.367668111089142
-2.1458242727953847 -4.068521708008629 -14.487360363071819
-2.1029553266776637 -4.145050565584029 -14.59936787255206
-2.008376014601335 -4.209111854243297 -14.690200210017535

/group/left_iliac_branch2/31
31
posId 31
-1.7609114906203407 -4.257996617316344 -14.728917039008177
-1.6188187516733985 -4.231948350274276 -14.684656540260265
-1.5225757180245134 -4.170615949407226 -14.587638473406136
-1.4887667326152108 -4.094487093324822 -14.46980108547759
-1.4992428809482268 -4.018088165442795 -14.352886486625806
-1.5567560259946949 -3.945410585333394 -14.24310243499217
-1.6746997084188928 -3.897259383411706 -14.172777793326865
-1.816458 -3.8798231492244386 -14.150303062110158
-1.9631738501964282 -3.887315025646322 -14.166229159125892
-2.088558402843737 -3.932150262427189 -14.238812961074915
-2.1446272266420916 -4.007377878983684 -14.35593957747515
-2.1409027348958958 -4.085239605430268 -14.475302647253901
-2.098019921241066 -4.158440600668076 -14.586331624533168
-2.0054061440925257 -4.219419087013965 -14.677104036642444

/group/left_iliac_branch2/32
32
posId 32
-1.7658966171997559 -4.251206155545524 -14.697222029568069
-1.6367829043543707 -4.226047954751879 -14.656418189749013
-1.54664529738842 -4.171461084926291 -14.569274406048361
-1.5135233653109972 -4.102934256589814 -14.460462087769223
-1.523933998532471 -4.0340681905461295 -14.35143079439741
-1.5782616756814534 -3.96963964983755 -14.249751369268816
-1.6863466558274376 -3.9273341682625205 -14.18351575501405
-1.816645 -3.9133874303695446 -14.1623726315672
-1.9506672541812884 -3.9220853601451524 -14.177133670531546
-2.065330241069163 -3.9632271626460525 -14.243155290882958
-2.1188275057772636 -4.030585615343419 -14.35026557194281
-2.1179359123405392 -4.100805965273952 -14.46151215868921
-2.079235736835888 -4.167217515221231 -14.566447684552411
-1.992068718145907 -4.221285824365783 -14.651472691016624

/group/left_iliac_branch2/33
33
posId 33
-1.7681017702808506 -4.252894532333779 -14.679506002924654
-1.64387694479147 -4.228636955905638 -14.64208512838298
-1.550488108147341 -4.178710504981143 -14.561884642204395
-1.5163324873837094 -4.112621761601171 -14.45396755663126
-1.5267926829227716 -4.046316513461964 -14.344820066903184
-1.5821321687712795 -3.985536293484749 -14.243870597290098
-1.6896879105949105 -3.9477032474362885 -14.179600656280412
-1.816607 -3.935946817590315 -14.15779612403845
-1.9474794039036811 -3.945422547598737 -14.170799455278415
-2.0615503425126565 -3.9849551285460034 -14.233516893380926
-2.117219252951857 -4.049771327374702 -14.3389213721561
-2.115147920214352 -4.117713380120452 -14.450593742705108
-2.074524521964726 -4.180593799121036 -14.55470542740907
-1.9870507825599828 -4.229824062578948 -14.637307794273333

/group/left_iliac_branch2/34
34
posId 34
-1.7689399944023008 -4.257827827844038 -14.668441629409857
-1.6466620922166626 -4.2338053802695885 -14.633606036557769
-1.5529285706296037 -4.185519639303235 -14.555772618270788
-1.5156004356576502 -4.121723580639191 -14.448492064093925
-1.5274299470427117 -4.057655350612285 -14.338219680291886
-1.5860266731244743 -4.001209786106601 -14.238591760120347
-1.6925395286064562 -3.9676017704417563 -14.175592330048051
-1.816332 -3.9583748416366857 -14.153437691221168
-1.9439342919845157 -3.968995792246018 -14.165060571134964
-2.055800832554827 -4.007683973890316 -14.225534243894826
-2.110392810304283 -4.069921006648134 -14.329259139281394
-2.1092078423558904 -4.13447219654038 -14.439811229172836
-2.0690411480011095 -4.193679989145848 -14.54322018487591
-1.982280087480988 -4.238471721791455 -14.624347654630405

/group/left_iliac_branch2/35
35
posId 35
-1.7645196569316934 -4.277671080957148 -14.685614337103402
-1.6324756387515111 -4.2501992092945065 -14.648119862160303
-1.5326948684670494 -4.197685759076899 -14.562982033832286
-1.490463030373225 -4.130741430865578 -14.446951426292452
-1.503339075491489 -4.063875155782974 -14.326198414708013
-1.567143628253374 -4.005994320629752 -14.21702614741263
-1.6814841968418734 -3.9719652986582865 -14.146063688153253
-1.815809 -3.963973036402126 -14.119915193471297
-1.9551438513711614 -3.9768617007770293 -14.13067853616555
-2.0779628565982504 -4.01943398656875 -14.196000021911534
-2.1357017154601263 -4.086548955428972 -14.31096774192458
-2.1342312717974785 -4.154474376688627 -14.43260917048119
-2.0911041979139444 -4.21626975469203 -14.546959835053121
-1.9952882356617874 -4.260981081215554 -14.635397474070617

/group/left_iliac_branch2/36
36
posId 36
-1.770332737643362 -4.265328469511805 -14.645141334220314
-1.6540274630023892 -4.2409516138034205 -14.614642147577548
-1.564525113712026 -4.195314582991377 -14.540753072836019
-1.526119045530006 -4.137485497280974 -14.437303697006902
-1.5368801675259487 -4.080258201265511 -14.328545745140552
-1.5954180053346323 -4.032374662531677 -14.231059766038785
-1.6977282188218843 -4.0066487534431525 -14.169406764856348
-1.815032 -4.002984760066716 -14.147175192333044
-1.9357841702959295 -4.016009323758476 -14.155797114821999
-2.0447525584210164 -4.052635103820526 -14.210233885547915
-2.099872119828104 -4.109911169969487 -14.310457598582845
-2.0982427729086974 -4.168217334477353 -14.420043711904006
-2.057592099323092 -4.219760180891169 -14.522051993816111
-1.9714642823960822 -4.254940186104033 -14.59932057307656

/group/left_iliac_branch2/37
37
posId 37
-1.7702350669331741 -4.269899542861547 -14.636412998735597
-1.6569779573340324 -4.244242473641318 -14.606205622176386
-1.5695792620888784 -4.199665188874631 -14.533981753644076
-1.5321613519969284 -4.144620970885396 -14.432074926922661
-1.5433274190576913 -4.091272997678268 -14.324747984177145
-1.5985374048164647 -4.0467938119849585 -14.226979299543421
-1.6976733782706521 -4.023243980128135 -14.162598338632787
-1.813994 -4.021935755947587 -14.139021920393903
-1.933664238396814 -4.037070459744274 -14.147300142051444
-2.040693267417764 -4.074510347323159 -14.201891474637714
-2.0941796977999623 -4.130055429367253 -14.30188693518539
-2.0923636190359898 -4.185167013579293 -14.411007821520872
-2.051735548343612 -4.232844396259151 -14.512458121793227
-1.967285945385766 -4.264261636168137 -14.589719109779404

/group/left_iliac_branch2/38
38
posId 38
-1.768949730471778 -4.276658748413403 -14.633421787211715
-1.6560014420880778 -4.2493169204660495 -14.603294593678559
-1.5706660332993037 -4.204319668109877 -14.529774611128657
-1.5344053940794458 -4.151237992445395 -14.427711405283992
-1.543365422737486 -4.100531197715326 -14.319834378777445
-1.5974245776194986 -4.058954431581631 -14.22025963029611
-1.696743634690521 -4.038968458168993 -14.154934515441692
-1.812688 -4.0415204329588175 -14.132651712948094
-1.9297636930946507 -4.059515622290083 -14.14230478335619
-2.0332212269081973 -4.097405449854124 -14.196688350333028
-2.084236462075619 -4.15044632987163 -14.29515362449861
-2.085025614034125 -4.201998573194834 -14.402472607200686
-2.049365128252366 -4.247294519413639 -14.505422862998095
-1.9670095844273994 -4.276628534424532 -14.586203583252356

/group/left_iliac_branch2/39
39
posId 39
-1.7674429598634271 -4.282813085409417 -14.630672399001282
-1.6542847853201534 -4.2540308790609735 -14.60153830833049
-1.5726457705472414 -4.208252444750249 -14.525186735517705
-1.5406683312645568 -4.157592321305797 -14.422879536669459
-1.548323079000467 -4.11049996564234 -14.316368963996824
-1.5986409975328428 -4.071960157281147 -14.215756935097401
-1.6964516160518037 -4.055434471154302 -14.149348213199003
-1.811106 -4.061004154710834 -14.126676576266279
-1.9258024850551747 -4.081669660502087 -14.137385989717613
-2.02432683330491 -4.120451153646814 -14.193106028978917
-2.0736910817510186 -4.170709034826374 -14.289216965846004
-2.0746447449264203 -4.218374898452248 -14.394368926728633
-2.040755509836168 -4.259579136017634 -14.495860984976108
-1.9627409568237895 -4.286104721819231 -14.578349015741246

/group/left_iliac_branch2/40
40
posId 40
-1.7645529019635706 -4.291141807882121 -14.6349839557507
-1.6500807604592882 -4.259147897360869 -14.603488061339021
-1.5683060300411245 -4.212432603685534 -14.524750181204853
-1.534000397694658 -4.162637350761702 -14.420542543902542
-1.5384419346135032 -4.116411123916582 -14.309882831887302
-1.5880021171473397 -4.079025602508003 -14.202752217136737
-1.6898033830924408 -4.065556620590421 -14.131952309074912
-1.809241 -4.075496931488555 -14.10956270214187
-1.9263954376248016 -4.100175022043663 -14.122786119753558
-2.0274239984652014 -4.140689691190595 -14.179522826985032
-2.079314595636004 -4.191100010810816 -14.278434182491017
-2.081660611385452 -4.2380255005908065 -14.38813820324692
-2.0477417153115316 -4.277957362509145 -14.495270214718026
-1.966048845671299 -4.301322129292643 -14.581680570731866

/group/left_iliac_branch2/41
41
posId 41
-1.7647913875958794 -4.291230721249505 -14.619413075892679
-1.6569395119603134 -4.258859379291527 -14.58901788617247
-1.5785937194070323 -4.2147206730171 -14.514895687346332
-1.5430349723296977 -4.168607876564175 -14.415443183716446
-1.5517383594681773 -4.127968387381787 -14.308752030504765
-1.6035331477760475 -4.098568296303787 -14.209929486036708
-1.6968463731609975 -4.089507646440459 -14.142687185493555
-1.807087 -4.099361215320892 -14.115123711093055
-1.9200138395066364 -4.123646443853812 -14.122700382671471
-2.0182763570355173 -4.163628822607226 -14.176862222807955
-2.0649809688110046 -4.211282221304982 -14.274901589453997
-2.0648645153901835 -4.25328837502944 -14.380957664558757
-2.0311323014745954 -4.287387251015501 -14.483047141059902
-1.9551268348867192 -4.306235495993422 -14.566756740812668

/group/left_iliac_branch2/42
42
posId 42
-1.7641830140876262 -4.292849226047525 -14.607272674594181
-1.6583260013061392 -4.260907402584772 -14.582333685958671
-1.5816780596323659 -4.217646928200116 -14.509602381730065
-1.5517530254890834 -4.174672602563263 -14.410368429447317
-1.5585151578971337 -4.137824935157087 -14.306352484060119
-1.6073551835886861 -4.112366313601938 -14.20869825213673
-1.698881223049776 -4.10837914079407 -14.144431615396684
-1.804636 -4.121898190791851 -14.119399279565485
-1.9117394996402846 -4.1476314787569635 -14.126749873794662
-2.005663537040761 -4.186621480240026 -14.177796925593352
-2.0514216174099222 -4.231073264012425 -14.27179891458969
-2.0505541427215257 -4.268774723014361 -14.37469184653896
-2.016447306111022 -4.2974899703766765 -14.472587994029885
-1.9431993013092959 -4.310703631761247 -14.551239294826823

/group/left_iliac_branch2/43
43
posId 43
-1.7636179191041947 -4.294127138324933 -14.59311233080582
-1.6659840749006762 -4.261127734254591 -14.565636727687966
-1.5942535927565955 -4.220632295807271 -14.497686202678986
-1.5657558142037054 -4.181902309865422 -14.404143276773718
-1.5735994224978453 -4.15038188376172 -14.305915539646621
-1.6201543893251398 -4.130674887631121 -14.214847040490026
-1.703774598885852 -4.12992080649799 -14.153093793209903
-1.801882 -4.144759922165632 -14.126856477736293
-1.9027381147282383 -4.171118293001694 -14.132518880807359
-1.992166380566934 -4.208972507651736 -14.180105787368637
-2.0356794118151007 -4.250157540622037 -14.270173721639608
-2.0328637222894774 -4.283086554912816 -14.368961669697471
-2.0000386278588613 -4.306766164256066 -14.461930706778675
-1.9328967203796612 -4.31663287429576 -14.538734892634686

/group/left_iliac_branch2/44
44
posId 44
-1.7708462924168877 -4.28213668412048 -14.527917409586225
-1.699887800896975 -4.256443480395948 -14.507026361908018
-1.6477688136142863 -4.226691269718213 -14.456857676617718
-1.6270899084071764 -4.199536778128386 -14.387823827754126
-1.6309944610470557 -4.177813041290675 -14.314919632375963
-1.6627610870118212 -4.164541845638065 -14.244982285012897
-1.724605203435276 -4.166051125331042 -14.196349720333531
-1.798817 -4.179755158564812 -14.176055921966563
-1.8724619944827037 -4.202819838708035 -14.186211708400803
-1.93229828713641 -4.231561960659434 -14.226476038958394
-1.9652560103224777 -4.260195631784414 -14.289629313205584
-1.9712167371976914 -4.284247114938833 -14.361455309989465
-1.9507909195276556 -4.301437691797665 -14.434133061055526
-1.8990524980276096 -4.306063138473105 -14.493664175137443

/group/left_iliac_branch2/45
45
posId 45
-1.7699841505401452 -4.285384752974991 -14.510873993582251
-1.705587572639176 -4.260603224027403 -14.491353969096279
-1.6573909062552372 -4.233221534427151 -14.445745546481662
-1.6377428174386361 -4.209156455967729 -14.381878630706549
-1.6416831397195115 -4.190988556625675 -14.31400254868119
-1.6713294921643436 -4.181419477067865 -14.249379566594705
-1.728810456603241 -4.186379060941676 -14.20658798521866
-1.795434 -4.201535144771375 -14.19000097608972
-1.8618265747716563 -4.223239521362762 -14.196633291939358
-1.917241439718226 -4.249869002152279 -14.232043335231802
-1.9468900612504143 -4.275429085239673 -14.290683494592056
-1.9522529790509355 -4.295934712152435 -14.35702007853193
-1.9335609650933734 -4.309465767416099 -14.424073884535852
-1.8844952549389724 -4.309646635886248 -14.476090416064793

/group/left_iliac_branch2/46
46
posId 46
-1.7550374282890278 -4.307953822836982 -14.5830437444938
-1.6592233178225977 -4.270464635450556 -14.559226125242262
-1.5914437449552505 -4.23005026919969 -14.48852544599477
-1.5636610137589722 -4.196645467288572 -14.394279967462047
-1.5682702826030752 -4.172378648671855 -14.294381430160481
-1.616348366270324 -4.164555574476635 -14.203101304308216
-1.699070264123487 -4.176623812146564 -14.144991204687429
-1.791727 -4.199638132029233 -14.11670981920924
-1.887771883391566 -4.232546893050312 -14.122481827773152
-1.967173514093477 -4.272143812836484 -14.175278383270538
-2.0093299874590755 -4.308119484363818 -14.26126340269216
-2.0156751058047266 -4.335139363704142 -14.35794309069454
-1.989782708259417 -4.35186051299137 -14.455581092910956
-1.9213725314955141 -4.349735362748458 -14.534082923173324

/group/left_iliac_branch2/47
47
posId 47
-1.7513500140036045 -4.312897665041789 -14.581342234432451
-1.6577050827086426 -4.273488872422261 -14.555151360433841
-1.5913384554713574 -4.233497037876117 -14.484515648276599
-1.565314934566403 -4.202429455751223 -14.390396756908196
-1.570743963498452 -4.181508643211804 -14.291737412673855
-1.614141378151098 -4.175517439121997 -14.199169926424801
-1.6950050385260638 -4.190320592870446 -14.13878410719129
-1.787687 -4.217220115144975 -14.11245284837325
-1.8821156336207412 -4.252629263721995 -14.12017276110922
-1.9595491806592582 -4.292586674987904 -14.173649564607995
-1.9994351689659875 -4.3267417565151085 -14.259789951826628
-2.0065428607994145 -4.351412520975393 -14.355368311761785
-1.982626944018553 -4.365507257002427 -14.452974723126959
-1.916032203385529 -4.360188819201862 -14.532373953502029

/group/left_iliac_branch2/48
48
posId 48
-1.7434651025527226 -4.321774931729719 -14.605679713305047
-1.641243528805146 -4.276180773360034 -14.575414395851942
-1.5715523629309225 -4.232720555325308 -14.494711081750285
-1.5433531786440542 -4.200620443514106 -14.391603805327865
-1.549401820556022 -4.1806972731242755 -14.283595880638321
-1.5956678268068833 -4.177579327225069 -14.181995790114764
-1.6816889397817882 -4.196458472522839 -14.11286787890003
-1.783309 -4.229409005260818 -14.082887355465486
-1.8863188235691286 -4.2713800702622535 -14.094093642365046
-1.970676443986232 -4.3161428744170465 -14.153709485822361
-2.0160966839463357 -4.353146679192057 -14.248434179987704
-2.022814904082612 -4.377699736192241 -14.355054914443807
-1.9925612029404918 -4.38788365616778 -14.461026789500739
-1.9218314461321382 -4.378660294273015 -14.548444353173124

/group/left_iliac_branch2/49
49
posId 49
-1.7429048426164881 -4.3231947082269135 -14.57894615210808
-1.6499237994457074 -4.280081307833203 -14.553442803057333
-1.5841645350981906 -4.239714263564218 -14.480925569997938
-1.5570415550751813 -4.2110955982327045 -14.384988086297597
-1.5623082370288546 -4.194918580712581 -14.283719731090924
-1.6056680872020639 -4.195708920311513 -14.189062123747915
-1.6867248614829282 -4.218341770183202 -14.128814136399821
-1.778585 -4.252216496216079 -14.105911649634784
-1.870547593102383 -4.291972470320176 -14.115219362704867
-1.951698781706381 -4.334361115032273 -14.163739492633624
-1.9951923079576857 -4.368394669114995 -14.25216429596689
-2.000787581167581 -4.388961352194027 -14.352843826545639
-1.9718821234224397 -4.394971294354723 -14.452007108771289
-1.9043542161513953 -4.381210447865657 -14.53030306693201

/group/left_iliac_branch2/50
50
posId 50
-1.7352706060718277 -4.330480809452009 -14.597867277586467
-1.6336238800135074 -4.2815625314220425 -14.572971653269166
-1.5606006654804716 -4.236750106831331 -14.49369776907742
-1.5325368691688126 -4.207452646595031 -14.386567766396212
-1.540078837387103 -4.193263750321491 -14.275289600427282
-1.587097090052234 -4.197820325676797 -14.172075137668648
-1.6743453952177423 -4.226091707718478 -14.106355005616502
-1.773508 -4.266163077598958 -14.082065353948314
-1.873450652435735 -4.3118061198944115 -14.090956561026374
-1.9626045041323943 -4.359627075329373 -14.143996309298595
-2.008237504312427 -4.39542452844585 -14.243015557088453
-2.0115464114966657 -4.414299445368513 -14.353548120420813
-1.9788545945056115 -4.416613445180854 -14.460118239672253
-1.9070106612879687 -4.39801370282386 -14.543947786429413

/group/left_iliac_branch2/51
51
posId 51
-1.7324179230994199 -4.334639606090411 -14.581637714805582
-1.6394005697917062 -4.287155652448648 -14.554440817067317
-1.5734131522274184 -4.24591772562598 -14.47913837687253
-1.5476828412426584 -4.220378276302208 -14.379622531816397
-1.5533969634049338 -4.2091122949841795 -14.276111546674924
-1.5939314421373523 -4.214935076664979 -14.177690367793756
-1.6742389434513256 -4.244061120714157 -14.11314446307108
-1.76807 -4.2850615663118665 -14.089416650345468
-1.8616491768439698 -4.330847665898987 -14.102059475706554
-1.9402432094328463 -4.375408373527395 -14.157963876016783
-1.981043555248512 -4.4070369294019835 -14.249991212097656
-1.987011521627439 -4.423603450806467 -14.352001092938997
-1.9586106010170319 -4.423746696100938 -14.45227929588381
-1.8934459474569447 -4.403953134279861 -14.533135411181686

/group/left_iliac_branch2/52
52
posId 52
-1.7294843383216425 -4.339810126084193 -14.563099571631202
-1.64486967556631 -4.294463968210727 -14.535520990039013
-1.5831282761623837 -4.255839759727186 -14.46656085185338
-1.5573846800975022 -4.2324954191688 -14.373943328143646
-1.564078924653436 -4.224821918633734 -14.27678684026576
-1.6032330976428537 -4.234124474466882 -14.186508029161594
-1.6769148997868195 -4.264266904222177 -14.128090086439805
-1.762266 -4.304777138457056 -14.10976745654627
-1.8462130232650613 -4.348057771818122 -14.122063852063308
-1.9191597022328908 -4.389996052147372 -14.170937779052933
-1.9596108540988517 -4.41970671639721 -14.25497870916262
-1.9662690935885607 -4.433911369550257 -14.350977097393415
-1.9383110067009344 -4.430571005259081 -14.4445703408997
-1.8773391670306978 -4.408544178893544 -14.518635406475749

/group/left_iliac_branch2/53
53
posId 53
-1.724544191587522 -4.346416417469936 -14.555874277606984
-1.6442511364295376 -4.301410207460538 -14.52635201031563
-1.5844231338086874 -4.263749093817811 -14.460057852184503
-1.556868770528033 -4.240904139921147 -14.370481166607659
-1.561977780337414 -4.234640924278282 -14.274374827844051
-1.5999392439641618 -4.246266084398658 -14.184698306677813
-1.672811118226075 -4.279374431036085 -14.128417278976634
-1.756088 -4.321713862789172 -14.112451024104264
-1.8375088422064159 -4.365733199032683 -14.125006451161784
-1.9072019142228875 -4.407040739709613 -14.174710358692757
-1.946146038601504 -4.435207836666949 -14.257072428816036
-1.953891278323717 -4.448030255671007 -14.350970623060608
-1.926852771930803 -4.442352284792166 -14.442780322372116
-1.8671014120846243 -4.417551554299059 -14.514119389571519

/group/left_iliac_branch2/54
54
posId 54
-1.7184364551211626 -4.353713151239885 -14.554252784058624
-1.6386402736538048 -4.307443110163313 -14.525264712877872
-1.5790068415475305 -4.269508490079883 -14.4584134751805
-1.5521731242594514 -4.24795334543808 -14.367936937942025
-1.5564208326397848 -4.243123589639663 -14.27128420688945
-1.593323611959872 -4.2567763782541554 -14.180400268522211
-1.6667562622014662 -4.293282767394187 -14.125295160916947
-1.749528 -4.337949926492272 -14.110549868304775
-1.8300676385172878 -4.383493551683549 -14.124222404384687
-1.8980624505607717 -4.4249008037317905 -14.175587154742905
-1.9363266905520704 -4.4521713418686 -14.257927822778415
-1.9437065914276397 -4.463197820727514 -14.351458499833134
-1.9167991311926316 -4.45506757743103 -14.442294004843149
-1.8587646268074116 -4.42826479288947 -14.51342736128282

/group/left_iliac_branch2/55
55
posId 55
-1.7131980654298606 -4.361708837278928 -14.543480056113484
-1.6383290493948106 -4.316719535013432 -14.514134970373542
-1.5852133031170068 -4.282216824010072 -14.44778405638698
-1.5617795602835045 -4.263830602661907 -14.3627787473172
-1.5667753740469954 -4.261652949273027 -14.273505779469165
-1.6027046492205383 -4.27783267925139 -14.192293082690265
-1.6672146517531872 -4.312179837883371 -14.13977398603843
-1.74258 -4.354741338062608 -14.121298861812905
-1.8181701488055304 -4.3992177169828315 -14.134259894748698
-1.8815437998497209 -4.438717661277021 -14.184080021277504
-1.9158119212885756 -4.463025831785973 -14.262966416673695
-1.9216998532175957 -4.471415691592239 -14.350729708280094
-1.8985289211637102 -4.462877184483748 -14.436496526226287
-1.8443642254167136 -4.435314827765336 -14.503079007388717

/group/left_iliac_branch2/56
56
posId 56
-1.7030437800318274 -4.369215541977952 -14.565953982722196
-1.6209483708592356 -4.318320434535935 -14.532823812529298
-1.5671340220083152 -4.282689381459086 -14.455369719497265
-1.5455614701885574 -4.265894988702604 -14.362634532871368
-1.5494190629487734 -4.264348855078262 -14.267456570204464
-1.5843228146307926 -4.2817672202366035 -14.177865232985669
-1.6531210533262182 -4.320895786853715 -14.119082300905012
-1.735237 -4.369546350713305 -14.09676715337984
-1.8191757934461035 -4.420757367886215 -14.110327164926403
-1.8877150376407363 -4.464503820363537 -14.16883000463112
-1.9208200975846477 -4.488130726355086 -14.258429797429116
-1.9269150983925838 -4.495683083895548 -14.353597889511283
-1.9037384664575574 -4.485513969359508 -14.447406241432878
-1.8455424244238854 -4.453357438240224 -14.520274657090066

/group/left_iliac_branch2/57
57
posId 57
-1.6962407460044675 -4.378045140395789 -14.560916436909338
-1.6174248909835938 -4.327688773837695 -14.526134742769525
-1.5627681465011463 -4.291473930289053 -14.452402908122309
-1.5404624308747048 -4.275082960146902 -14.360528890059115
-1.5431589737615536 -4.274290225140353 -14.265272909344265
-1.5773920483491113 -4.293420963599289 -14.175285381224723
-1.6465179455921934 -4.335310533191201 -14.11853933254783
-1.727492 -4.385582068227176 -14.098154994016216
-1.8097450753938693 -4.437563137270604 -14.112547303863831
-1.8772454999266712 -4.481430788377624 -14.170738960149501
-1.9107218202628897 -4.5047530031660195 -14.259652954906628
-1.916479641290264 -4.510844377377659 -14.354692752862713
-1.8940144210131322 -4.4991917253999 -14.448319483317354
-1.8370751915852175 -4.465381377710131 -14.521677668626003

/group/left_iliac_branch2/58
58
posId 58
-1.6882001424145001 -4.387137243581374 -14.562049436673265
-1.606772354461841 -4.333798602169105 -14.53164916471609
-1.5494450155011756 -4.295547108142727 -14.45606387262127
-1.5359716321680055 -4.285526355038517 -14.35848271090886
-1.5406809252290905 -4.287379146048008 -14.26483407538767
-1.5700950367868494 -4.3053197426154135 -14.17306004033316
-1.6356533167748875 -4.347110725324083 -14.108287998469944
-1.719337 -4.401332821627842 -14.09351108640386
-1.8020784171860225 -4.455337775000239 -14.109365034705979
-1.8740451189979292 -4.5028480543190135 -14.164812596220338
-1.9103756064608188 -4.52766515220456 -14.257295766816476
-1.9166770957363457 -4.53305703309855 -14.357544452201655
-1.885428132341526 -4.513937276818488 -14.450394915689378
-1.8222855734860357 -4.473682161121152 -14.51246533268636

/group/left_iliac_branch2/59
59
posId 59
-1.6847579933004837 -4.400096576592581 -14.525076558398778
-1.6186273731376002 -4.355626343780029 -14.495463157364451
-1.5681702908909287 -4.32165110699723 -14.435282676172218
-1.544808358437774 -4.305857163127366 -14.354438952478638
-1.545916619660884 -4.306498371722593 -14.267715413272649
-1.5791693034671899 -4.328747592561381 -14.188811474746204
-1.6412862382136226 -4.370430930617741 -14.142989997157803
-1.710766 -4.41710218245145 -14.131230956637413
-1.7787060171620863 -4.462771637261523 -14.146963849691037
-1.837634255042152 -4.502422685788749 -14.19358134886375
-1.8711092952003434 -4.525005522072737 -14.269084934729674
-1.8754210132900242 -4.528003936583376 -14.353961344761311
-1.8532984721301462 -4.513235905659971 -14.435006244188589
-1.8028860367358805 -4.479434372139202 -14.495281524323655

/group/left_iliac_branch2/60
60
posId 60
-1.7341636117119368 -4.455230972730332 -14.078718813732054
-1.8181983226753065 -4.51310675288839 -14.113473334854081
-1.8862621762836291 -4.5595664785905425 -14.1874344821209
-1.9190525736358504 -4.581314206128061 -14.2928387505002
-1.9121722792258544 -4.575525511625585 -14.40544010988332
-1.867483396440069 -4.5436793610166095 -14.504405393947959
-1.7907412857728586 -4.48997646625806 -14.566069147096444
-1.701771 -4.428234692173573 -14.580590608377939
-1.6152249770569156 -4.368504949841686 -14.558472101228263
-1.5403295868312696 -4.317193617704295 -14.497806301045962
-1.4957083357161383 -4.287172997650815 -14.401232402961218
-1.4860826734459802 -4.281515876639151 -14.290374194402014
-1.5164118096118857 -4.3034816416591415 -14.184441608257734
-1.585098517343917 -4.351708474412326 -14.111553426768122

/group/left_iliac_branch2/61
61
posId 61
-1.7244462593367211 -4.471293165140414 -14.079133625561687
-1.80772253354392 -4.529938102025947 -14.114420267280675
-1.8751720918479404 -4.5766138890368255 -14.188806861792898
-1.9076665466983518 -4.597845958756065 -14.29440765050303
-1.900848348868614 -4.590968848873653 -14.406951473169814
-1.8565627957415898 -4.557670457092529 -14.505619568697764
-1.78051330407442 -4.502435520861893 -14.566786076970285
-1.692346 -4.439423597394075 -14.580737955206546
-1.6065810791056756 -4.378780249677728 -14.558069770752153
-1.532361640711882 -4.327047138402631 -14.496933314310104
-1.4881431088607795 -4.297311994871533 -14.400086320538456
-1.4786043208832145 -4.292516094678249 -14.289180093501193
-1.508659728117498 -4.315811803775956 -14.183453892242271
-1.576726519112658 -4.365567056003165 -14.11101290267301

/group/left_iliac_branch2/62
62
posId 62
-1.7100578213191684 -4.483283195261301 -14.112801428183193
-1.7824761562870952 -4.535400764631889 -14.142133219463538
-1.8425046160740044 -4.577585763903422 -14.206284030851315
-1.8722164713099758 -4.596899280251828 -14.29946415513949
-1.8652202220362204 -4.589252443905862 -14.399049582980279
-1.8242044531096535 -4.557154444922002 -14.483609384784055
-1.758131206473266 -4.507603773817117 -14.535255161500197
-1.682484 -4.452037760836876 -14.548719610222262
-1.6072602821464812 -4.397568618021265 -14.531294544546698
-1.5404257807345523 -4.350120613995618 -14.478695194479778
-1.5011468140896918 -4.3236639180774805 -14.391756481463158
-1.4942096923141353 -4.321126476460944 -14.292676197899024
-1.5223798079148647 -4.344047375753268 -14.200263469188272
-1.5830679334858968 -4.389899318078109 -14.13950351640667

/group/left_iliac_branch2/63
63
posId 63
-1.6987574087524338 -4.498115776671707 -14.11943028440703
-1.7672121578892708 -4.548253788835401 -14.150804377285043
-1.8248388625833418 -4.589355113273306 -14.212100596904317
-1.8566799646176506 -4.610310213733076 -14.301328699589124
-1.8529581239237602 -4.604397954255008 -14.400127485682415
-1.8117565976399923 -4.570977545747543 -14.483548686477873
-1.7457501349307474 -4.520140184464112 -14.531918381714389
-1.672176 -4.464863989417448 -14.541998795191716
-1.6006192878245862 -4.4120183574979706 -14.522945049101805
-1.536229611656767 -4.365503303256014 -14.473070176105596
-1.4962240506401816 -4.338258322539095 -14.389879102061716
-1.4874883749951322 -4.334818340759787 -14.292563741446624
-1.5134517017935578 -4.357146857661197 -14.19998351671516
-1.5737360948643033 -4.404084760045837 -14.13979555778435

/group/left_iliac_branch2/64
64
posId 64
-1.6877996265237842 -4.513673898604187 -14.120058125930942
-1.755742454425679 -4.5643347633952605 -14.151703891689497
-1.8129382126302134 -4.605704237860761 -14.213222912984172
-1.844541199172451 -4.626534553774215 -14.302564762226488
-1.8408471913069369 -4.620098331828949 -14.401331783835827
-1.7999537800405 -4.58585881848245 -14.484572172063478
-1.734440929685845 -4.534129662115963 -14.532666617069742
-1.661417 -4.478075554092209 -14.542447634564697
-1.5903954062922911 -4.424615622207786 -14.523107581421066
-1.5264872517567474 -4.377709167682983 -14.472980611616688
-1.486780862038843 -4.350478397056445 -14.389641735669166
-1.4781105138973 -4.347431763494662 -14.292307483809529
-1.5038796806339993 -4.370473721061771 -14.199847964350521
-1.5637132523762374 -4.4183050530863195 -14.139914101622535

/group/left_iliac_branch2/65
65
posId 65
-1.6785169803589233 -4.531595255977485 -14.1038828433462
-1.7503325580455689 -4.585940197555445 -14.140407491182547
-1.8107418830822426 -4.630222079651299 -14.206592643081501
-1.8466782201487892 -4.654315765753883 -14.301667152137192
-1.8480287880014525 -4.650970395817632 -14.410535626281893
-1.8029362402477578 -4.612197380211608 -14.502788324088149
-1.7290917280987972 -4.552838859839601 -14.55138859774758
-1.6502 -4.491130553095759 -14.561019687849202
-1.5729976402310155 -4.431900332216623 -14.54179320354236
-1.5037730292091738 -4.38032927047192 -14.486442562354744
-1.4621687564686656 -4.351694575932738 -14.394725452142811
-1.4517764396992885 -4.347886774192127 -14.288962427647641
-1.4766987347992444 -4.371421615958461 -14.185826037714122
-1.541455534717898 -4.424518670488653 -14.11735842345051

/group/left_iliac_branch2/66
66
posId 66
-1.6657030539118074 -4.546248156847289 -14.112181647709924
-1.735061598233723 -4.599596609120282 -14.146861601603801
-1.7934923165829373 -4.643036127797165 -14.21107840246144
-1.8266688275379843 -4.66528677585799 -14.303733317611046
-1.8245379485916686 -4.659155923170663 -14.407230157303276
-1.7819362775231435 -4.621736911747692 -14.494198825584863
-1.7132980307932029 -4.565416725418073 -14.541952643230417
-1.638516 -4.505835989472551 -14.552530493854778
-1.564410726584865 -4.4479974799108035 -14.5350080356007
-1.4980320513558667 -4.397822153007667 -14.481307537123502
-1.459293916931604 -4.371019772918154 -14.392247733402483
-1.4506862840449557 -4.368561799491302 -14.291042266356493
-1.4757837404803489 -4.392569464479161 -14.19410257739116
-1.5363898581970412 -4.443268764361463 -14.129362458537445

/group/left_iliac_branch2/67
67
posId 67
-1.6543480639314516 -4.563178456409904 -14.105175069499383
-1.7257681459285772 -4.618916530848004 -14.141160494585517
-1.7858441443934652 -4.66417931654616 -14.207832011135439
-1.819665805463431 -4.687055834965976 -14.303840169459685
-1.8164701665790495 -4.679743188830468 -14.410368939837554
-1.7723443173506503 -4.640365154474888 -14.49902154746007
-1.7023739583644317 -4.582027262256273 -14.547500992390066
-1.626361 -4.520527545939703 -14.55806216711571
-1.551390596113482 -4.461177290919643 -14.539170629196567
-1.4845670753358686 -4.409981963217913 -14.484058919933355
-1.4461243615998325 -4.383159216109296 -14.393348960431569
-1.4361722026776995 -4.379743442526462 -14.290687908298219
-1.460318010756516 -4.4035747875702675 -14.190930312432547
-1.5224732607539906 -4.456406407510662 -14.125208909291628

/group/left_iliac_branch2/68
68
posId 68
-1.6404651872778455 -4.577937651313907 -14.115019329022095
-1.708662051144998 -4.631857656536571 -14.149596311303807
-1.765355503037953 -4.675037982260143 -14.214182996311049
-1.7976950447293192 -4.697149144935866 -14.305951917194887
-1.7954494204373779 -4.690630395098734 -14.408194246121896
-1.7531767933462263 -4.652323785670023 -14.493202685455405
-1.6867238859062035 -4.596055963824075 -14.540734429582846
-1.613751 -4.536177801775558 -14.551293160127148
-1.5423383984830932 -4.4789882500576255 -14.530931359810456
-1.479425796683367 -4.430245070275132 -14.477264080575424
-1.4419073571263574 -4.403656541733284 -14.391209568399592
-1.4316084788807446 -4.399797362747606 -14.292623900525594
-1.4538730081851476 -4.422357402202155 -14.195882606719877
-1.513756777340875 -4.474009487695438 -14.132418793871448

/group/left_iliac_branch2/69
69
posId 69
-1.6283222357261822 -4.595466589091145 -14.107642964780313
-1.698856832942343 -4.651896485903015 -14.143407368201318
-1.7562966280105472 -4.696016526451117 -14.21148269437287
-1.7892961484574172 -4.718747516150749 -14.306168497914577
-1.7879375414535048 -4.712651626781266 -14.41188331786688
-1.7444150629218342 -4.672651384848144 -14.49987127249756
-1.6762531649959627 -4.614136447423347 -14.54992532446215
-1.600734 -4.551279544555741 -14.563448518629995
-1.5260349753414706 -4.490755191328148 -14.541776107865996
-1.4614650360751824 -4.440278867354565 -14.483934483629545
-1.4226475880909317 -4.412521161612119 -14.394205043048549
-1.4113721996142141 -4.408070776691428 -14.29140292816238
-1.4334865645379833 -4.431088288035188 -14.189491879949669
-1.4966811383853265 -4.48623919788334 -14.123961385863229

/group/left_iliac_branch2/70
70
posId 70
-1.6148291831283834 -4.61200605732006 -14.108455380691103
-1.6850517295519394 -4.668773811429566 -14.144299073859202
-1.7422374062968593 -4.713126755589393 -14.212436941900986
-1.7750909341823846 -4.735931294302837 -14.307155782979887
-1.7737383377663132 -4.729713534475039 -14.412863536568679
-1.73040840621808 -4.689385499443175 -14.500796837221943
-1.6625480620702506 -4.630452329910259 -14.550769861779731
-1.587363 -4.567177516117612 -14.564205465556327
-1.5129944498996517 -4.506277790305912 -14.542448240187856
-1.4487101732942667 -4.455519394575184 -14.484535337956816
-1.4100644568557885 -4.427651700192756 -14.394765908172936
-1.3988389516143902 -4.423252566132064 -14.291956172341234
-1.4208554807898208 -4.446498653245031 -14.190075872418117
-1.4837704767046924 -4.502058050765087 -14.124621496392466

/group/left_iliac_branch2/71
71
posId 71
-1.6095717990006067 -4.639317878557182 -14.039375027210351
-1.70398192638093 -4.716679726521352 -14.081342550886676
-1.781296765597673 -4.777273405033999 -14.171859539863707
-1.8181925782771087 -4.801996841279513 -14.300355832370824
-1.8087557673480448 -4.787426788256552 -14.435262782833899
-1.754905607755071 -4.7366071211843055 -14.54750316390857
-1.670079158256896 -4.661961303815212 -14.614306790327104
-1.573686 -4.580015229565547 -14.631662999578547
-1.4766682627332457 -4.49955393920372 -14.608122133790708
-1.3874181223246904 -4.427912143573526 -14.53809758642932
-1.3333175397056585 -4.388315447630979 -14.417725911462018
-1.3249439519359782 -4.388077026642377 -14.279260028410834
-1.3672532189350368 -4.429741829913689 -14.155745174193132
-1.4459633667357756 -4.49988887576234 -14.075784585304467

/group/left_iliac_branch2/72
72
posId 72
-1.59704328527331 -4.65816958207225 -14.02760962173509
-1.6955784233492206 -4.739659793637425 -14.07062984200951
-1.7752680466314463 -4.802525737304003 -14.166120346962037
-1.8105669005396847 -4.825765520645831 -14.300442019952712
-1.800184397798939 -4.81001438572697 -14.43902240435066
-1.7477017368385988 -4.759543458214626 -14.557269514678636
-1.6603858978129837 -4.6818497915671475 -14.628650526235797
-1.559755 -4.595578113812943 -14.645603789888757
-1.4591730094818127 -4.511479471307674 -14.619980001791214
-1.3672045508887005 -4.437093119127756 -14.546406533473236
-1.3110904254093103 -4.395711074750638 -14.421527396710278
-1.3046171730266527 -4.3973900828489345 -14.278227214870508
-1.3486094821084291 -4.441071931262798 -14.151627369548423
-1.4279144937018153 -4.512619348419877 -14.067184046598863

/group/left_iliac_branch2/73
73
posId 73
-1.5827921094210047 -4.675176523926529 -14.028405968701907
-1.6797041809889757 -4.755795450512055 -14.074083588256304
-1.7531870296093053 -4.813662553186877 -14.17279821193789
-1.7860413399470612 -4.835165018789549 -14.302790654848284
-1.7754097583312651 -4.819297123573094 -14.435773586253985
-1.7284402742042906 -4.773134571964618 -14.552925845313174
-1.645877585620367 -4.698575432831693 -14.629478558710352
-1.545621 -4.611861800762849 -14.647304299540393
-1.4465330308845796 -4.528575877309798 -14.617436823599071
-1.3615167005365982 -4.459833116164105 -14.538458019607166
-1.3107584105033847 -4.422542992328486 -14.417586207903446
-1.3002466236041064 -4.420508494373291 -14.280801175990074
-1.3372820662256448 -4.458655411103218 -14.154089059427541
-1.4154400330516912 -4.529809547458695 -14.070368121925627

/group/left_iliac_branch2/74
74
posId 74
-1.5581364789221182 -4.678961145488598 -14.114147545834697
-1.6282539053004836 -4.737738781215915 -14.146781318287875
-1.68124611984838 -4.779729279105523 -14.21850158657009
-1.7041650729192985 -4.794619721675157 -14.312810271032275
-1.698687042070145 -4.784891802200877 -14.409653885304035
-1.6644349722845277 -4.750937203039609 -14.495159770287136
-1.6029823706996535 -4.6952633984934105 -14.547060421867736
-1.531334 -4.632888973390598 -14.55848587339803
-1.4608333305895915 -4.5731834688318225 -14.53741332329697
-1.3986319594849899 -4.5223631891904414 -14.482888354691616
-1.3628801408962279 -4.496066312097612 -14.39516656855941
-1.3569981310093584 -4.49606068353669 -14.297113814485192
-1.3781366283162353 -4.519187530924444 -14.202311068351706
-1.4322632074373518 -4.569403405949646 -14.133777184545043

/group/left_iliac_branch2/75
75
posId 75
-1.5448464714739063 -4.6973787183870614 -14.105267807049685
-1.6175647436975966 -4.758704102263376 -14.139932999457994
-1.6739180425300653 -4.803776554846225 -14.213600474345414
-1.6993524585117257 -4.820682101453035 -14.312465097506943
-1.6951886409112311 -4.811659431410908 -14.415682507301163
-1.6594392601691823 -4.7757889812684144 -14.507866405827194
-1.593332031134459 -4.715520673554671 -14.562599868288494
-1.516945 -4.648537154689802 -14.575132639682069
-1.4419324700928513 -4.584629542073813 -14.551732163773233
-1.3754765702231015 -4.529960645093206 -14.493800385735948
-1.3360108488943714 -4.500582455001458 -14.400457029197216
-1.3314647453357402 -4.502147751685818 -14.295226444768423
-1.3556765003253057 -4.528390133517842 -14.195596601740093
-1.4135769784249164 -4.582354287329929 -14.12517634529785

/group/left_iliac_branch2/76
76
posId 76
-1.530330405649094 -4.714202321489177 -14.106170592645164
-1.6028504311473095 -4.775732331493659 -14.140888439015328
-1.659050097933504 -4.820932380305019 -14.214595077918686
-1.6844151738507138 -4.837852084604489 -14.31347507761413
-1.6802627077741146 -4.828748063691298 -14.416685785335677
-1.6446107880615037 -4.792704719067778 -14.508839970248946
-1.5786837825288738 -4.732193300911497 -14.563522542895106
-1.502505 -4.664962433945274 -14.575998288356717
-1.4276969714921408 -4.600835559155526 -14.552543064119263
-1.361422245681328 -4.545997034385409 -14.49456408666444
-1.3220641169807321 -4.5165571211865005 -14.401194765843824
-1.3175304071453922 -4.518177843648279 -14.295964501830342
-1.3416761553254188 -4.5445619415733045 -14.196356086432154
-1.3994187834124308 -4.5987539060540765 -14.125981190123483

/group/left_iliac_branch2/77
77
posId 77
-1.5151203231048782 -4.729981587561948 -14.112894053280112
-1.5850160246543201 -4.789536746787238 -14.148011283381155
-1.6392899688474365 -4.833409981104641 -14.219463262609702
-1.6643965618507348 -4.850343210641506 -14.315161155352147
-1.6609520316359194 -4.841918725472608 -14.41571556251777
-1.6273980436500939 -4.807530159574611 -14.506901459801078
-1.563145307989294 -4.7481061921909475 -14.561763345488364
-1.488063 -4.681448255073234 -14.574040889261578
-1.4141104895218521 -4.617654912756821 -14.551447772383588
-1.348699522410001 -4.563249827378452 -14.493824250706977
-1.3113780396648862 -4.5354367085043625 -14.400785813447145
-1.3079260409224682 -4.537934424250188 -14.297707938195163
-1.331796533262803 -4.564118550740717 -14.200791226222929
-1.3881101972995211 -4.617273339470885 -14.132710544419597

/group/left_iliac_branch2/78
78
posId 78
-1.4983196942680561 -4.743379425417924 -14.133408357515446
-1.5620812130694413 -4.798002846822806 -14.165336606028024
-1.6107520440515435 -4.837440830784945 -14.231324503436248
-1.632235984158083 -4.851702750090969 -14.318457490716279
-1.629065762890616 -4.8439861660865295 -14.409056403219209
-1.5982576611568706 -4.812343962825023 -14.490400706102367
-1.541055256369562 -4.7590804006490535 -14.54027425302913
-1.473672 -4.698702015714734 -14.555426362189106
-1.405107567908429 -4.639088193150719 -14.537238639096701
-1.3457950757687105 -4.589652753775913 -14.482161507799592
-1.3147099255440162 -4.566881654343448 -14.395455928914517
-1.3137334384790904 -4.57103480042 -14.302983771743191
-1.3351699086259314 -4.5946477323639145 -14.216960537165734
-1.3834991513134918 -4.6408198466671715 -14.153241367056516

/group/left_iliac_branch2/79
79
posId 79
-1.4839739323049637 -4.7596842535490405 -14.134308465079558
-1.5475937864986438 -4.814450335908715 -14.166274907245228
-1.5961564811893372 -4.853974794250892 -14.23229075022039
-1.6175926885253222 -4.8682436318716205 -14.319434388418452
-1.6144295108189348 -4.860470285578626 -14.410028724598344
-1.5836898581705985 -4.828707012319814 -14.49135176269188
-1.5266145450270638 -4.775273160207719 -14.541188764575823
-1.459381 -4.71471766738653 -14.556299090624947
-1.390968903573535 -4.654941738678153 -14.538069827986897
-1.3317881912453537 -4.605387265407295 -14.482957905045296
-1.3007721056492132 -4.582584945113018 -14.39623577199857
-1.2997977881319955 -4.5867854660910385 -14.303765701337852
-1.3211866309764915 -4.61049849233686 -14.217758117466072
-1.3694084963095798 -4.656826109579588 -14.15407045037697

/group/left_iliac_branch2/80
80
posId 80
-1.4758105359246902 -4.783906281568241 -14.08459723927619
-1.5543546738181113 -4.8517514035141325 -14.125520856318033
-1.6115092708371106 -4.898113402739645 -14.209687109018509
-1.6353057269383027 -4.913467172836407 -14.316153261637329
-1.6318662551450385 -4.904358190210859 -14.425371628566813
-1.5969404970624248 -4.867621816601153 -14.525962719519876
-1.5280793075919448 -4.8026585602756855 -14.589231843768173
-1.445241 -4.727854029474041 -14.604852544176692
-1.3624981142380006 -4.655328088845751 -14.580803768565678
-1.2908824544225639 -4.595097645775597 -14.51401085421614
-1.2544460961516901 -4.5684101025825905 -14.408476027906026
-1.2546151538983965 -4.5747070516253805 -14.297320458173328
-1.2794702179975581 -4.602618151506958 -14.193767852445934
-1.335595248218447 -4.657143205894459 -14.11367913608579

/group/left_iliac_branch2/81
81
posId 81
-1.467669882146461 -4.807677524165956 -14.036220860948324
-1.5628713185560954 -4.890503461389157 -14.081561811651843
-1.6350687895490925 -4.94970556434472 -14.180683779596478
-1.6625127193827218 -4.967006925629783 -14.311655538614659
-1.6544791491627207 -4.952477788067838 -14.443031381885973
-1.6092161587219693 -4.905414413164319 -14.559265054064488
-1.5272328454038822 -4.8279718491665236 -14.629897804246808
-1.431303 -4.7407443662145505 -14.651773035046928
-1.3338944315996721 -4.654925093572113 -14.624623562892086
-1.2488484481228224 -4.583025730078646 -14.54661972541864
-1.201395864479167 -4.547366543196654 -14.423156322268028
-1.2016522254526008 -4.555079776064059 -14.288967258066263
-1.2346593402912682 -4.591490152580859 -14.166722591568993
-1.301721057331315 -4.656865726256534 -14.072577507443299

/group/left_iliac_branch2/82
82
posId 82
-1.4539167987507875 -4.823123821225781 -14.03710028207663
-1.5489426238555635 -4.906124957156152 -14.082489213412417
-1.621006917319243 -4.965431007205167 -14.181645947268091
-1.6484002232914026 -4.982730207781707 -14.312628585660583
-1.6403814720258438 -4.968125892347343 -14.443996994788705
-1.5952019749977222 -4.9209176700491595 -14.560204404723507
-1.5133698904548651 -4.843275240036091 -14.630793089864556
-1.417617 -4.755841037939765 -14.652618281219867
-1.320388114243614 -4.669833909261037 -14.62541923424525
-1.2354990090313633 -4.597794786870088 -14.547373473337906
-1.1881339577868695 -4.562093328237633 -14.423888680033617
-1.188389845869486 -4.569867028715484 -14.289703108030375
-1.2213360748357864 -4.606399775914339 -14.167478531286328
-1.2882740879058134 -4.671955083789096 -14.073370402637387

/group/left_iliac_branch2/83
83
posId 83
-1.4402690352580771 -4.837880451986573 -14.039672530945218
-1.5341790244971756 -4.9201536463883615 -14.085687141510046
-1.6036316396157553 -4.977275720668716 -14.185475776774105
-1.6299958241353278 -4.9938148745219895 -14.314184925318921
-1.6244165423681787 -4.981423000957668 -14.443941622237073
-1.5810732389046824 -4.93564124628121 -14.56058599515806
-1.4999177963266344 -4.85824745747295 -14.631960314075215
-1.404235 -4.770474943398176 -14.65475139243924
-1.3076429944243921 -4.684865543931525 -14.624840894651056
-1.227192257246848 -4.616799544777626 -14.542768607082108
-1.1817739141575236 -4.582573210583146 -14.422275214002822
-1.1777665429659412 -4.586387453934062 -14.290979885209866
-1.2069543994844296 -4.619789186065079 -14.167022376613406
-1.2737576575936287 -4.685589273598578 -14.071311961265517

/group/left_iliac_branch2/84
84
posId 84
-1.4271808031839284 -4.85245748604518 -14.040514187652214
-1.5209364249366741 -4.934882897910323 -14.086571132544615
-1.5902748751436897 -4.992091465197659 -14.186389561975725
-1.6165957227091534 -5.0086274256679975 -14.315107927949652
-1.6110256120611688 -4.9961739584133324 -14.444859057580901
-1.567753555510382 -4.95026726037416 -14.561480715108942
-1.4867315147331022 -4.872697846055394 -14.632815889105885
-1.391206 -4.784742605742521 -14.655562228888533
-1.2947727705591066 -4.698969732881114 -14.625607786466162
-1.2144542768007551 -4.630790249656497 -14.543500214538344
-1.1691105915355218 -4.596529262466851 -14.422988610131535
-1.1651098075858581 -4.600388307780168 -14.291694454226043
-1.1942496856509437 -4.633892188491393 -14.167753288480187
-1.2609431338121486 -4.699851501524063 -14.072075946756334

/group/left_iliac_branch2/85
85
posId 85
-1.4077138851003375 -4.85705052280809 -14.098785835373913
-1.4841575180033828 -4.924551979411283 -14.1351338783962
-1.5421475469025565 -4.972740471780516 -14.215273841941391
-1.5650724840409425 -4.987537263875553 -14.32103806892487
-1.5600241308956977 -4.976780045427591 -14.428357838170557
-1.5224812869168785 -4.937198694145833 -14.52250442390506
-1.456005374673394 -4.873418358089837 -14.579387508573934
-1.378582 -4.801798403724359 -14.599239202365087
-1.2999360307468637 -4.731603300348948 -14.574888562166265
-1.2347849537170739 -4.67616976265621 -14.507396966685262
-1.1973663811504378 -4.64773463401896 -14.409374162956668
-1.1927798821016495 -4.649737360208428 -14.301770040651986
-1.216001396338009 -4.676769969111782 -14.19911883267784
-1.2719241146562361 -4.732113000461259 -14.121865936094803

/group/left_iliac_branch2/86
86
posId 86
-1.3973656551182918 -4.8731481680784645 -14.083772753656191
-1.4788976005917716 -4.945411455159 -14.12186349362557
-1.5403148378962375 -4.996546058646411 -14.207690883558154
-1.5650309748652098 -5.012615918207984 -14.320267835065739
-1.559830345059139 -5.001248941567337 -14.434811321497387
-1.520345669247439 -4.9593437834335266 -14.535961746762728
-1.4487339832236568 -4.890509133723459 -14.59535411044439
-1.366413 -4.814297631767466 -14.613132675337706
-1.2831528045444773 -4.739624121014798 -14.589440343778277
-1.213323516710891 -4.679928135138323 -14.518821273323965
-1.1745155522028257 -4.650543954302863 -14.413932358170689
-1.1686229110055475 -4.651768681306877 -14.299573638417007
-1.1930052434520788 -4.680376222200729 -14.189846520402629
-1.2536294873602967 -4.740391926956084 -14.1094056481673

/group/left_iliac_branch2/87
87
posId 87
-1.3856593625299438 -4.886037070662925 -14.084529038764044
-1.46707727161659 -4.958412161967636 -14.122651429895512
-1.5284086063979307 -5.009611700242147 -14.208501574990352
-1.5530901736170946 -5.025681349031471 -14.321086198673058
-1.5478968177823353 -5.014267755103265 -14.435625439994203
-1.5084673680508998 -4.972268080420342 -14.536758260948856
-1.4369558432324192 -4.9033038879512585 -14.596121057505973
-1.35475 -4.8269605159770865 -14.61386659462549
-1.2716062581848464 -4.752167698152703 -14.59014165159503
-1.2018746385674843 -4.692388781726182 -14.519496196138215
-1.1631209536430493 -4.662980670092329 -14.414593866670689
-1.1572365543135095 -4.664234990420355 -14.300234983406154
-1.1815847838930158 -4.69291685157077 -14.190519635835752
-1.2421242344151608 -4.753052404481509 -14.110104368233012

/group/left_iliac_branch2/88
88
posId 88
-1.3859697907259025 -4.914492442169748 -13.987858969792306
-1.499810527488339 -5.016310599178506 -14.03548031287004
-1.586400446498171 -5.088948731222538 -14.153971741445869
-1.6195635743828452 -5.110201064790682 -14.31174752620827
-1.6037513352136816 -5.0865806140333305 -14.467342125023444
-1.548911918458357 -5.0283507833766565 -14.601542114503731
-1.4574907916108366 -4.938991552360957 -14.693245852912634
-1.343643 -4.833177536951203 -14.71389890911036
-1.2296138848644727 -4.730291340348093 -14.681593808081642
-1.1397642518162523 -4.653787296961924 -14.578004872080905
-1.0813377459105116 -4.608150305077615 -14.44028344973976
-1.065819404330034 -4.603153728890917 -14.281769585151135
-1.108917302149843 -4.651314320112938 -14.13526000715466
-1.1916729058774842 -4.733643304960741 -14.02760714374808

/group/left_iliac_branch2/89
89
posId 89
-1.3715806473615408 -4.920620376181658 -14.021197613591886
-1.4724682806458733 -5.010739486578289 -14.069516204673471
-1.5450380817964455 -5.0711667447085205 -14.179124649690944
-1.5746192507781156 -5.0903276928693435 -14.316941273172889
-1.5687538424965517 -5.076699406221679 -14.456953970605888
-1.5218877997633031 -5.026165027380904 -14.582127261629955
-1.4360690818505046 -4.942448859664533 -14.661180618321902
-1.333144 -4.8462557516582905 -14.684311023284554
-1.2316914942024206 -4.755042425490113 -14.645760467635979
-1.1497373315390618 -4.684818455751212 -14.55573117650238
-1.0997414391134634 -4.64609305272222 -14.430759292459014
-1.08908041707498 -4.644521476590928 -14.290278717998243
-1.1182899745181103 -4.679463912720942 -14.153585838926517
-1.1937748165263427 -4.754841454417391 -14.054392915627426

/group/left_iliac_branch2/90
90
posId 90
-1.361692328529586 -4.931434924480354 -14.02184447028107
-1.4624583852027109 -5.021671719170836 -14.070197112985136
-1.5349407346982815 -5.082161809605648 -14.179828777100461
-1.5644862563150241 -5.101321219927279 -14.317653279167109
-1.5586279162581673 -5.0876444585395735 -14.45766156474874
-1.5118183503642573 -5.037012379780027 -14.582816523682359
-1.4261030499721434 -4.953161080130118 -14.661838868661311
-1.323302 -4.856826799218365 -14.684933300977068
-1.2219717515242732 -4.765492203578187 -14.646348332100144
-1.140116349323883 -4.69518743727272 -14.556292244498753
-1.0901807054240706 -4.656433164168552 -14.431305206249453
-1.0795325306582333 -4.654888614008958 -14.29082333881389
-1.1087068885541724 -4.689909046917923 -14.154142884576315
-1.1841007660805336 -4.765414094199583 -14.054977743778043

/group/left_iliac_branch2/91
91
posId 91
-1.3473323960854677 -4.934026343570865 -14.066650905576989
-1.4346890078594452 -5.012487615350947 -14.107874606891597
-1.4981378581100901 -5.065644512397294 -14.202413783863314
-1.5236145245589319 -5.082124528804567 -14.322389989745064
-1.518586107385346 -5.070246938246286 -14.444137387338696
-1.477031890517386 -5.02537273908433 -14.55185448002584
-1.4026701501378223 -4.952506110408002 -14.61922965417263
-1.314169 -4.8692890805362685 -14.640321225343175
-1.225816361860975 -4.789311815085065 -14.609105018532926
-1.1528121594763832 -4.726252230068759 -14.532319404481925
-1.1093694342277503 -4.69256629723404 -14.421894956911869
-1.1010586616913622 -4.692182262917883 -14.298586395787689
-1.128712574379655 -4.724772484704058 -14.180922475091794
-1.1946342434290056 -4.790817610986592 -14.096764347291433

/group/left_iliac_branch2/92
92
posId 92
-1.3389510535488045 -4.943215499680962 -14.06694558960043
-1.427146700968348 -5.022737102709181 -14.1065163602136
-1.4916027190757222 -5.076925606797338 -14.201376802242228
-1.516916104819138 -5.0931957400604535 -14.322746111423328
-1.5117694876778984 -5.081101225909241 -14.445563067953158
-1.4693420395862877 -5.035281646876062 -14.553513220828693
-1.3942076086903705 -4.9615785157320635 -14.619818230202037
-1.305794 -4.878263479878658 -14.64052838989233
-1.2176518994307002 -4.798296120063953 -14.60927469503906
-1.1441198482341732 -4.734552858759155 -14.5333620154418
-1.0991931943494861 -4.699413607164312 -14.42308146784199
-1.0912552620359004 -4.6994564136466135 -14.298657981671502
-1.1208104016441796 -4.733865337485087 -14.181647978036935
-1.1873341270508508 -4.800532299941256 -14.0992646629704

/group/left_iliac_branch2/93
93
posId 93
-1.3261214614475894 -4.943922825187422 -14.112150215446412
-1.4003646762213084 -5.011017702115464 -14.145385887060705
-1.4549628720078278 -5.057055671467904 -14.225042749311365
-1.4759572668404555 -5.0704565625005795 -14.327578400928978
-1.4715341471749552 -5.0601515582323815 -14.43103196017262
-1.43438168384717 -5.020250757069316 -14.520130161951435
-1.3717387509048808 -4.958674210283237 -14.575077795596936
-1.29823 -4.889201564846393 -14.593009612556232
-1.225177576239116 -4.822867401594133 -14.56557930909522
-1.1648786519046466 -4.770572158903422 -14.501847575293878
-1.1249768832393536 -4.738831597774361 -14.411787466548319
-1.1196762380117542 -4.7401287910789796 -14.307662876657977
-1.1470105204212735 -4.771245827041435 -14.212680263981866
-1.201807394296542 -4.8262139049275055 -14.146161164125669

/group/left_iliac_branch2/94
94
posId 94
-1.3180159205952855 -4.949223120157172 -14.12433527878058
-1.388855848880156 -5.013423262923186 -14.155300894941254
-1.441029623812952 -5.057518402588055 -14.231186338496867
-1.4612777535825487 -5.070520739302975 -14.329067199553746
-1.4538583441256008 -5.057749906227034 -14.426488824283268
-1.417169217638153 -5.018660165951766 -14.507663746953314
-1.3602647288636986 -4.9623811355653 -14.56116882391976
-1.291525 -4.897191649169037 -14.579277360714757
-1.2232413809485256 -4.835144685633021 -14.552151504193505
-1.167046871828864 -4.7863361201017876 -14.492313897767522
-1.1303468666360847 -4.75717945292634 -14.407959060283613
-1.1243131756433058 -4.757393384943619 -14.310729013000415
-1.1492099279663 -4.785996687322487 -14.221059177194725
-1.2004919247118317 -4.837618600244565 -14.157798431060671

/group/left_iliac_branch2/95
95
posId 95
-1.3121974663531848 -4.955509829419814 -14.124718818503073
-1.3829693269135501 -5.019775720658093 -14.155703685597215
-1.4350929698060622 -5.0639070008368625 -14.231602563062937
-1.455321643823059 -5.076907527404007 -14.32948767793531
-1.4479093634292133 -5.064106512693221 -14.42690587457398
-1.4112554902997874 -5.024960223676879 -14.50806946345123
-1.3544056791507737 -4.968610240449514 -14.561557977189176
-1.285732 -4.903345810723349 -14.579647158384715
-1.2175139924007439 -4.841234841300813 -14.552502707432138
-1.161373478710751 -4.792382283046001 -14.492650324726512
-1.1247087373289788 -4.763207362219807 -14.408286472019983
-1.118680843908645 -4.7634375844736265 -14.311056111748702
-1.1435536737726641 -4.792087263750309 -14.221394451975028
-1.1947863953578302 -4.843776599991937 -14.158148843498319

/group/left_iliac_branch2/96
96
posId 96
-1.3073421326136527 -4.960751240519558 -14.125041073321798
-1.3780489218090135 -5.025079803546323 -14.156044429482247
-1.430124639487109 -5.069245436827801 -14.231956179741106
-1.450334714198957 -5.082244076554581 -14.329845330664988
-1.4429292490449426 -5.069414110061009 -14.427260179006854
-1.4063090774112572 -5.030213742256476 -14.508412828674432
-1.3495115369639379 -4.973795984319374 -14.561885391178595
-1.280901 -4.9084600309184 -14.579955956054674
-1.2127457156192267 -4.84628804581405 -14.552793645045414
-1.1566568204655974 -4.797393617410601 -14.492927090419187
-1.1200257905724078 -4.768201420949133 -14.408554617190164
-1.1140034395138243 -4.768447342624035 -14.311324008821762
-1.1388533999919328 -4.797141410889901 -14.221670257321248
-1.1900390155225165 -4.848895170713116 -14.158439234975786

/group/left_iliac_branch2/97
97
posId 97
-1.3034997840204623 -4.9649002784124345 -14.125297566269465
-1.3741441362513849 -5.02928887397869 -14.15631865038367
-1.4261738689573187 -5.073487448298296 -14.232242819224185
-1.4463660973529864 -5.086484338714251 -14.330135967032149
-1.4389671715252477 -5.073626705321511 -14.427547748484672
-1.4023793369893156 -5.03437459951494 -14.508690047910301
-1.3456319510752945 -4.97789197213595 -14.562147427610178
-1.277082 -4.912487538492054 -14.580200211200353
-1.208986899501363 -4.8502571089882025 -14.55302077923617
-1.152947533118478 -4.801322550673989 -14.493140585775016
-1.1163488499113252 -4.772113761535491 -14.40875974946146
-1.1103318168331386 -4.772374659795053 -14.311528768296478
-1.1351598337876292 -4.801111182144344 -14.221882456107586
-1.1863002503423716 -4.852926596644645 -14.158665297250362

/group/left_iliac_branch2/98
98
posId 98
-1.3007213877368897 -4.967905438123645 -14.125486037744253
-1.3713058495945643 -5.032351474514802 -14.156524154279703
-1.4232914728987789 -5.076581506467451 -14.232460176265675
-1.443466582868739 -5.089576620307982 -14.330357032963692
-1.4360739296504228 -5.076692398228732 -14.427765719527141
-1.3995171132921298 -5.0373906758120315 -14.508897931550473
-1.3428178362787626 -4.98084588903447 -14.562340608634818
-1.274326 -4.915375875968588 -14.58037623760817
-1.2062886286878647 -4.853089522073954 -14.553180352395541
-1.1502967709658032 -4.804116607054443 -14.493287107175236
-1.1137291151334998 -4.77489202044226 -14.408898336546931
-1.107717183133397 -4.775167357927532 -14.31166713658944
-1.1325241515658833 -4.803944617628393 -14.222028120000632
-1.183621212657113 -4.8558191239752695 -14.158824406957702

/group/left_iliac_branch2/99
99
posId 99
-1.2985576316329666 -4.9702836344898484 -14.125639812573436
-1.3690411290985356 -5.034826231933268 -14.156706712571188
-1.4209523918888778 -5.079109089179279 -14.232662816973344
-1.441098643273532 -5.092101121492421 -14.330566027830223
-1.433716564545955 -5.079172095003722 -14.427969581991235
-1.397212039253483 -5.039786860709212 -14.509084841459384
-1.3405938651894875 -4.983137497064206 -14.56250274835639
-1.2722 -4.917557190144706 -14.580509434113107
-1.2042599497080184 -4.855176821498223 -14.553285746837657
-1.1483481830389874 -4.806139464480045 -14.493370410921841
-1.1118328337773467 -4.776888394383843 -14.40896816560789
-1.1058295012769608 -4.777188105914896 -14.31173650408413
-1.1306009856890005 -4.8060339545568285 -14.222109718880242
-1.1816249572705042 -4.858007888842864 -14.158928645044313

