/group/left_iliac_branch1/0
0
posId 0
-1.2621839732655005 -2.5983530266470405 -14.000017031507516
-1.5273674049420838 -2.5339657245007388 -14.128446913937239
-1.7170743704912679 -2.3434310518432544 -14.265182307787729
-1.7876121756403642 -2.079452668408992 -14.375992031646563
-1.7613631585501488 -1.8037220082008543 -14.45087326375318
-1.6478260464570313 -1.5382435048840948 -14.486877762108552
-1.4305537520944749 -1.3381890661602835 -14.460149090425674
-1.15914 -1.2486773991634392 -14.376957434699587
-0.8780568631163828 -1.252382082066827 -14.260867981862942
-0.6464237017170242 -1.4007520833929743 -14.120080537087983
-0.5491905014478762 -1.6609687966955535 -13.999522667901074
-0.5419153869965084 -1.9336338771986028 -13.911884779655724
-0.610142540117731 -2.20948658241588 -13.854131146545315
-0.7925620668422622 -2.446310329628408 -13.85519106031188

/group/left_iliac_branch1/1
1
posId 1
-1.2603846184613525 -2.5969557615540357 -14.006415050675608
-1.5232171621785655 -2.5286850970170236 -14.132461828031506
-1.7119270700187377 -2.339348062111543 -14.266003879828117
-1.7847639039638121 -2.07792439209473 -14.375321191483762
-1.763832645064826 -1.802260448947959 -14.451509347314902
-1.6528691995924851 -1.5332123277412437 -14.489664817840685
-1.4324055393448791 -1.332023216375491 -14.463216438657785
-1.157512 -1.2458233706353576 -14.37972954469272
-0.8767898548188919 -1.2565959091298415 -14.264166067868585
-0.6503794537831146 -1.4102873755711587 -14.126481907967781
-0.5521384452147796 -1.6667011790536894 -14.00854237292607
-0.5359875287040371 -1.9371224482194773 -13.919133445494671
-0.5993285980467801 -2.2170314144277223 -13.858602573802766
-0.7857492948659565 -2.455395734283383 -13.860034085395673

/group/left_iliac_branch1/2
2
posId 2
-1.2579372901189565 -2.6126349418678125 -14.016923091342232
-1.5300127389805442 -2.5484232857665674 -14.142376191463054
-1.723602162850413 -2.3520834499341183 -14.277211630230951
-1.7942854576570595 -2.08216501006255 -14.386407459529556
-1.7685461024530993 -1.8017915115497614 -14.461189572348633
-1.6511972918362563 -1.5332630836030674 -14.49668791413545
-1.428778203980576 -1.3335857079847169 -14.470412453421293
-1.152954 -1.241372700869752 -14.390816838737072
-0.8649158452177206 -1.2452167854335743 -14.277404160256932
-0.628347296210041 -1.399262374031884 -14.138613542720591
-0.5288259767057442 -1.6652799182173283 -14.019359416734098
-0.5187013248739772 -1.9434189733060716 -13.931276847263582
-0.5889167386493268 -2.225290859156989 -13.873374005358347
-0.7797242109632089 -2.461464321616911 -13.876290217981158

/group/left_iliac_branch1/3
3
posId 3
-1.2512972874838106 -2.618548284604671 -14.037202484489596
-1.5242953416736034 -2.5530742179123154 -14.159970082856013
-1.7185412254875567 -2.3556387697486003 -14.292237278644334
-1.789464206692504 -2.0850605942525267 -14.399630326448818
-1.763637569573343 -1.8044312433409266 -14.47341645837131
-1.645890830226118 -1.536059217389985 -14.508780384925888
-1.4227175213026833 -1.337083477982112 -14.48359984527061
-1.145958 -1.245944181394939 -14.406040247153106
-0.8569431105015219 -1.251040718042168 -14.295190749153347
-0.6195723597343178 -1.4063126395230734 -14.159163763040961
-0.519713564356954 -1.6731096984341614 -14.041950338261122
-0.50955457992456 -1.951656995915717 -13.955171054969954
-0.5800080935179648 -2.2335940833685957 -13.897877541625082
-0.7714625922039605 -2.4692506252482125 -13.900137562427876

/group/left_iliac_branch1/4
4
posId 4
-1.2442401621738828 -2.635872110132058 -14.061255285526045
-1.5241900847816197 -2.5714199973356715 -14.182401452080384
-1.7204307078865537 -2.3670034263579285 -14.313881761976397
-1.7843673373481033 -2.089620936336661 -14.418348917289247
-1.757238160127488 -1.8083201550586816 -14.490683839437237
-1.6424548737568723 -1.53729901396369 -14.527981965703272
-1.4175114053634703 -1.3361965494614674 -14.50458130249287
-1.137013 -1.2485924325592692 -14.427693948902458
-0.8461341355239032 -1.256710239323203 -14.319025464403152
-0.606618435323758 -1.413166298186296 -14.185754303260518
-0.5051337760936785 -1.6815145787719064 -14.070207574167359
-0.4949879195769875 -1.9619716033694203 -13.984498057567246
-0.5642976564801991 -2.246363948875851 -13.926673111332743
-0.7562134487648089 -2.486000044906216 -13.926737847744832

/group/left_iliac_branch1/5
5
posId 5
-1.2384893736953049 -2.6721611368682914 -14.086579727481258
-1.522933310033145 -2.5910511075950677 -14.209588130374746
-1.7311267235344536 -2.3866015864028203 -14.34115886296567
-1.8191200061321138 -2.104564014806935 -14.452775221085433
-1.7939011062850607 -1.8037492790532035 -14.530051152349792
-1.6594020623251167 -1.5222913099159148 -14.563448349190157
-1.4201205643880601 -1.3167487267218596 -14.538351966461653
-1.126611 -1.2233759916897635 -14.462117517723383
-0.8244756275638141 -1.2421886452567783 -14.350738423127522
-0.5794834519927826 -1.4093359181959881 -14.216937810924808
-0.46328556678441035 -1.6814379484980435 -14.098271447520775
-0.4459951922906903 -1.9754641817532845 -14.008026249783894
-0.5191538170449879 -2.275970983302233 -13.947656363095547
-0.7244179180825521 -2.525949518413847 -13.948097015151829

/group/left_iliac_branch1/6
6
posId 6
-1.2153788844137812 -2.602816846205687 -14.140958210256622
-1.4835341867489886 -2.55085859358219 -14.245052679371401
-1.6784221615235708 -2.3612599025817196 -14.363117198479605
-1.7467568518132586 -2.09569519841864 -14.460123712948718
-1.7191799312381226 -1.8232715738526744 -14.527005352283688
-1.5951736057540442 -1.5717909976027666 -14.555823415967339
-1.3742326573331614 -1.4000116857442741 -14.52999661920587
-1.115243 -1.3220015738421282 -14.465267199421183
-0.8442911589190091 -1.327495448803529 -14.373217063897101
-0.6087794442790673 -1.4629563773394556 -14.256703479540409
-0.49618501233724455 -1.7128168027332622 -14.149297890265514
-0.4952604148875335 -1.9857870278668484 -14.072742208661317
-0.5797982153363881 -2.2485329690472105 -14.027592412517276
-0.7663059718247857 -2.459111258366716 -14.03107884062821

/group/left_iliac_branch1/7
7
posId 7
-1.1997763616855424 -2.58595518516066 -14.186759315569693
-1.437139712542325 -2.5010247969578234 -14.28449090822292
-1.5993534345042604 -2.31827571033715 -14.385107358469574
-1.6743423324748763 -2.087920453682417 -14.471188713659418
-1.6723769220604443 -1.8374200078745349 -14.538518177277563
-1.5717568057350713 -1.5890209939705562 -14.574232623281972
-1.358176796456823 -1.4190063710475058 -14.553138784291791
-1.103398 -1.357989270831676 -14.489514919897678
-0.8508486142203644 -1.3836205690237344 -14.403089339965662
-0.6398060091205054 -1.5191244419531338 -14.299922454187483
-0.5353496765358426 -1.747299486171359 -14.205159563972895
-0.5303661948653738 -1.997250792005751 -14.135792352332304
-0.603285148475513 -2.241715528799222 -14.092427975842194
-0.7660915539454121 -2.453118399641548 -14.086317687545556

/group/left_iliac_branch1/8
8
posId 8
-1.1939762518114458 -2.6321889897621267 -14.221647113973447
-1.4558143160533017 -2.5556521999183235 -14.318138267065743
-1.6447182601241221 -2.363851326980395 -14.42350906392766
-1.7251737389742554 -2.10649285115614 -14.514376706037654
-1.7123128535521261 -1.8319143403208715 -14.582505031448113
-1.5943637480157427 -1.5692700716592958 -14.616824299470133
-1.3661467230745334 -1.386851446123253 -14.597943668433203
-1.091568 -1.3218465804726187 -14.534787419078729
-0.8190143347665674 -1.3521919724360096 -14.447260143304023
-0.5924560081594049 -1.5008301027687827 -14.342194476248393
-0.4814928018691551 -1.747083733957731 -14.245326084579583
-0.4652347877698404 -2.015368033842576 -14.170343128589346
-0.5301265866477738 -2.2893518187424133 -14.11756301158
-0.7157544666301995 -2.5203248225945885 -14.111296688335193

/group/left_iliac_branch1/9
9
posId 9
-1.1762442328653357 -2.5983484055553827 -14.276064371545553
-1.4245279880993138 -2.529169573238622 -14.3592088236826
-1.6108508779602597 -2.352353050095246 -14.45290162800898
-1.6912044092909544 -2.1063408746506993 -14.535845227780868
-1.6727629805833848 -1.844095800985623 -14.596669967827864
-1.5533337799838487 -1.600863368304234 -14.625962873581713
-1.338386600773617 -1.4321936493194507 -14.611254144737098
-1.080242 -1.3680827764468746 -14.558895434622832
-0.8197544065590078 -1.3946160073138254 -14.48320229117218
-0.6024992826555351 -1.5373722874104119 -14.389845370723659
-0.4963525439767057 -1.7731733029275267 -14.302623747113799
-0.48131588527992275 -2.0290972661263873 -14.234509278727668
-0.5507002336614585 -2.2854285563645487 -14.188669265986798
-0.7310910534816031 -2.493215584132815 -14.184416600663546

/group/left_iliac_branch1/10
10
posId 10
-1.173381764333384 -2.6524781467799308 -14.313694303924159
-1.4385155809282617 -2.571674799542078 -14.394513540574255
-1.63083763007841 -2.376243030245326 -14.485570756136685
-1.7025565582052624 -2.113861050442324 -14.564448553348969
-1.6736001159587273 -1.8460029947425283 -14.621209349076885
-1.5530839713624873 -1.5994253498053952 -14.651630668280173
-1.3397104781133258 -1.4168486920865313 -14.645283833011863
-1.069913 -1.335105545341981 -14.601911409175472
-0.7867980348681782 -1.3587366236052143 -14.530462743747247
-0.5588844039409767 -1.5232473696570656 -14.438457428683735
-0.4621555812038072 -1.7815465842140141 -14.354730640170775
-0.45687127125000937 -2.0461876706325275 -14.290768702147622
-0.5205038613579966 -2.31106534844696 -14.24277938825019
-0.6963358761226572 -2.540451577783853 -14.229298654727739

/group/left_iliac_branch1/11
11
posId 11
-1.1588983875660936 -2.62250979729042 -14.369153283742273
-1.3984356602571726 -2.526305014099752 -14.436503517999531
-1.5553039742343684 -2.333383093034954 -14.509245841132984
-1.6143835609581294 -2.101665450651805 -14.571700859783752
-1.5963992728605731 -1.866720837103961 -14.62002125857355
-1.4991646043105944 -1.6421842430595217 -14.650780484550648
-1.309644060134854 -1.4710464243915846 -14.651991586035157
-1.06107 -1.39266211024183 -14.62138226216902
-0.7984149739450886 -1.419540056681123 -14.564859103205135
-0.5956079740784028 -1.581836239739732 -14.490017296867457
-0.5277713559880577 -1.8240537023800445 -14.423560987212424
-0.5324852444610818 -2.054526410118064 -14.373669794839085
-0.5952476973857732 -2.276766931454494 -14.33677579111036
-0.7402016453851163 -2.4748157872977754 -14.321047649627674

/group/left_iliac_branch1/12
12
posId 12
-1.1410890307186607 -2.5588264170738935 -14.430124871357428
-1.3668861229282543 -2.490849306633914 -14.475825622594014
-1.5531672813498696 -2.337333336360313 -14.532963108443445
-1.6341381190582251 -2.1068870042220005 -14.590454523925464
-1.6022117838168768 -1.865283221742338 -14.634100681342535
-1.4849901367082639 -1.652352427686945 -14.65988599794972
-1.2874794277042176 -1.5110994085602183 -14.65994527632374
-1.054204 -1.4536790308966263 -14.638192055175217
-0.8125523562957903 -1.479870752455336 -14.598569037728879
-0.6114698043026188 -1.6181631083937682 -14.542361130883968
-0.5092211769287986 -1.8363366439906232 -14.484288812234402
-0.49238122249249405 -2.073280048835446 -14.43463041389052
-0.5589954934179293 -2.3078495946577853 -14.397325097882158
-0.7314033665793875 -2.488674872961682 -14.385799297157869

/group/left_iliac_branch1/13
13
posId 13
-1.1401479604672682 -2.585367115790072 -14.474545945100408
-1.3796242238269254 -2.5185372460627526 -14.504512620611305
-1.5795103614950792 -2.356244455780926 -14.54787343481841
-1.6600299171342796 -2.1100293034753834 -14.596492723851199
-1.6185849492825488 -1.8589980397788937 -14.63654300242384
-1.495424279501795 -1.6414337539462296 -14.664531009725971
-1.2934919665267088 -1.493382560254255 -14.674474110949213
-1.049806 -1.4318643057179785 -14.666293000741552
-0.7941490204085941 -1.4608976498586341 -14.641590470780052
-0.5844978534291012 -1.6126881878723722 -14.599286334306324
-0.4833054947506087 -1.845037862220491 -14.551462531405281
-0.46943241798465285 -2.0906834723440344 -14.508077173348015
-0.53615902768043 -2.3328215514549857 -14.471507103412446
-0.7146337306591269 -2.5179802924671284 -14.453363990224126

/group/left_iliac_branch1/14
14
posId 14
-1.1446296441511115 -2.62823982325643 -14.517891471696606
-1.38799343797323 -2.5354487596719304 -14.527768004395881
-1.5660121013151103 -2.3476343505449946 -14.551249450422256
-1.643392536499754 -2.105065453120932 -14.583269296936447
-1.6282751436404221 -1.852640204808913 -14.617651572880384
-1.5155181694698014 -1.6209131397702545 -14.65031187940166
-1.3011644351839782 -1.4741510206243562 -14.672583210308112
-1.048366 -1.425970545769836 -14.681919103178828
-0.7893893332119222 -1.461427549141983 -14.67998706942557
-0.5718292330295662 -1.6141817083139682 -14.661696600273098
-0.4690005267755606 -1.8545142594514865 -14.630262280193403
-0.4715386869185061 -2.1043532379070107 -14.596370149911237
-0.5512626750473784 -2.336341454974795 -14.564041020251208
-0.715911723360336 -2.525672374026449 -14.536551363547613

/group/left_iliac_branch1/15
15
posId 15
-1.1412297849959687 -2.605103430355363 -14.570762791618172
-1.376902872010511 -2.522963332930649 -14.547879852731734
-1.5587217522465593 -2.3449116504364387 -14.540291801078416
-1.6388929659283917 -2.1032961146842415 -14.55126204284419
-1.6222699276983574 -1.8509533467722674 -14.57553327194827
-1.5044005109987022 -1.6263558329140293 -14.610297156668656
-1.2945808347681738 -1.487070670704913 -14.649313908078133
-1.050329 -1.4429531969970562 -14.68437414816082
-0.8002243117334567 -1.479629244329168 -14.713090303162575
-0.5898351109384075 -1.6308927863061426 -14.726677686348967
-0.4858112437423515 -1.8658311796214484 -14.71933920219516
-0.4811339087181161 -2.113537712448231 -14.698194701057787
-0.5535572687316896 -2.3487582191838725 -14.66830131545596
-0.7231037991623972 -2.531225580775678 -14.630636753973402

/group/left_iliac_branch1/16
16
posId 16
-1.131705641114001 -2.526752344400995 -14.624345848957859
-1.333625714483165 -2.464116767311431 -14.57350160413222
-1.4843229851796362 -2.3059621756567554 -14.539491067671378
-1.5445777860967371 -2.0955533900383405 -14.531091301895236
-1.5212999122475805 -1.882883364682563 -14.544720624171267
-1.419988486213769 -1.6994352437105995 -14.577821900590209
-1.253563320581768 -1.5797445202154845 -14.625780295053882
-1.055707 -1.530643691322964 -14.679503941506091
-0.8470714307075823 -1.558992448378695 -14.733323979535164
-0.6772672440475475 -1.6935397103961105 -14.773189038975216
-0.5927042724876246 -1.892295819220124 -14.788387709325118
-0.5845811944559233 -2.1019696203507032 -14.783115206650695
-0.6466794449138389 -2.3010101705234165 -14.759766841947298
-0.7898611940672601 -2.450259888602353 -14.716871731353018

/group/left_iliac_branch1/17
17
posId 17
-1.136249969819926 -2.5243458207869445 -14.667912134885718
-1.324828619216001 -2.46128470869998 -14.588502012466755
-1.4702349610571692 -2.3113681578017378 -14.525244302611286
-1.5397222198584575 -2.105588884683081 -14.492329755406223
-1.530068464379986 -1.8844384009049955 -14.491903993314788
-1.427822123877793 -1.6912256998063782 -14.530408245488669
-1.2558039280793762 -1.577201388200519 -14.599411266190955
-1.064274 -1.5386584656567222 -14.678010808489955
-0.8683598469280636 -1.5635433414209565 -14.75969670355912
-0.6955274259184917 -1.6802390866254753 -14.833655005970861
-0.6078046584551323 -1.8798223442576714 -14.874002427699041
-0.6075095939729975 -2.0951209339528396 -14.878433905844059
-0.6652787084705434 -2.299957596740022 -14.8585938965909
-0.8021147014153284 -2.459581742971112 -14.8050832410092

/group/left_iliac_branch1/18
18
posId 18
-1.143847152339608 -2.528369740870698 -14.70986202057689
-1.3163214819454732 -2.460773463775603 -14.604994612208863
-1.4436126045006148 -2.312914224841976 -14.520190576635835
-1.5104829689247619 -2.1175695934064214 -14.46674171664691
-1.5076048705039078 -1.9004091506662764 -14.451984178446994
-1.4140368510820545 -1.7054390821154932 -14.491357921692657
-1.2552148831446774 -1.5840196809531484 -14.574035283761965
-1.075804 -1.539875230694033 -14.674464562308838
-0.896347777873106 -1.5682977645443525 -14.780407745996584
-0.7399616567893242 -1.6785278766010774 -14.879194132308221
-0.6528660124559589 -1.8663003819096138 -14.943768258728408
-0.6493272537960231 -2.078839249658672 -14.961887681631133
-0.7099032769452578 -2.2796254920812227 -14.942035666291686
-0.8350877722005253 -2.4401913452685022 -14.881773874657387

/group/left_iliac_branch1/19
19
posId 19
-1.1566394987012063 -2.553833187313568 -14.750751253310462
-1.3274079220499828 -2.494849036500216 -14.615688352184922
-1.4567827584884452 -2.3475736536640706 -14.500268336164611
-1.5208186708749398 -2.141158985449029 -14.426095425451713
-1.5151960215010805 -1.9110057939158271 -14.400914649217963
-1.4249107575590925 -1.698990706725925 -14.44127704461516
-1.2685639426853585 -1.5603491079936969 -14.540341952055458
-1.090069 -1.5070701860026312 -14.666844389613155
-0.9124265439361664 -1.5292582781098232 -14.802343809580526
-0.7572489660406474 -1.6385407159864744 -14.93218390553178
-0.671989513038106 -1.8345207128955918 -15.02087496822254
-0.6669879170356163 -2.0597824054750427 -15.053365731313562
-0.7245400971115019 -2.27796602703214 -15.038236510037564
-0.8504275885083297 -2.454411596571001 -14.966745063537092

/group/left_iliac_branch1/20
20
posId 20
-1.166624171185547 -2.5340472041731887 -14.786716330755395
-1.3188289830582578 -2.4825865827885685 -14.639653631288201
-1.4255783092711753 -2.3388311161739264 -14.518059764736233
-1.4763248282173809 -2.147774409578485 -14.439225428079956
-1.4760350899761128 -1.9348611797488087 -14.403000263510865
-1.4047404884197139 -1.7264387454008354 -14.43203653314526
-1.267430537680027 -1.5822775034322671 -14.532045636775504
-1.106843 -1.5215381011349682 -14.667493693407687
-0.9473566087143217 -1.5370843644583019 -14.815015179300419
-0.8129815192216447 -1.6416203065508692 -14.954979482210208
-0.7421725564415174 -1.8256859787122874 -15.050837900679802
-0.7377221990455489 -2.0360215400581074 -15.090926615451101
-0.7843194891868008 -2.245011679049274 -15.08441954414694
-0.8916311907790244 -2.4244524811431005 -15.017703135358426

/group/left_iliac_branch1/21
21
posId 21
-1.1741899201514616 -2.4605774121799358 -14.811385491982362
-1.2976417006971284 -2.4228337755617604 -14.674243181638461
-1.3823306389258743 -2.300807604311765 -14.56074339540287
-1.4168750547908158 -2.1367129218227783 -14.491354339842903
-1.412446364372948 -1.9594097184072663 -14.460185369516568
-1.3613365246599423 -1.780773295096506 -14.477722106807127
-1.2560840907605195 -1.6455712506610989 -14.560835709090975
-1.125898 -1.583588834055171 -14.684898564805783
-0.9962618451839236 -1.594369092235411 -14.823082536082852
-0.8936749893494184 -1.689498982315158 -14.949926673061114
-0.8422522371050543 -1.844533505273066 -15.035193296985511
-0.8335976156500509 -2.018199252963737 -15.079353714387512
-0.8658276728866106 -2.1988521158427448 -15.082031816023107
-0.9525298158130013 -2.356023014219734 -15.022817761943768

/group/left_iliac_branch1/22
22
posId 22
-1.1997513298344458 -2.5219103470872843 -14.840433120993557
-1.3353312276595781 -2.483860267244281 -14.675413870268237
-1.4285632590743464 -2.3461994227048386 -14.53786628796607
-1.468869373313892 -2.1591338040154096 -14.450863658458141
-1.4625247387585902 -1.9535168859720595 -14.413809609015457
-1.402793320435684 -1.7493509784575787 -14.438813096335506
-1.2878376583334565 -1.594200093089061 -14.538268116655406
-1.147007 -1.5197907034242295 -14.685080541308231
-1.0061843900506269 -1.5270311782733539 -14.849511552973722
-0.8934838781151264 -1.6307603024098303 -15.002249598341374
-0.8362601885221146 -1.80622026001692 -15.106312563178122
-0.82530111898046 -2.0055640841102256 -15.162024804559053
-0.8614574027789966 -2.214604743515018 -15.165339484240048
-0.9589867163556521 -2.3933950525653644 -15.091142498614627

/group/left_iliac_branch1/23
23
posId 23
-1.2189295654267565 -2.497530197445814 -14.854469902251656
-1.3424113044137966 -2.454907193087255 -14.6945851268556
-1.4249878029242034 -2.32132926696667 -14.565420606758476
-1.4638740444734712 -2.1473328041151003 -14.481077338703537
-1.463259149716718 -1.9521922543738532 -14.44051770390347
-1.4109440051915652 -1.7525126138470868 -14.462160992462746
-1.3026915443010385 -1.6011586077591273 -14.562375121991485
-1.169944 -1.5347294118268398 -14.71049408981398
-1.0408422250924676 -1.5485764486924625 -14.871153226067333
-0.9388671303271592 -1.6488704107871959 -15.016971478526363
-0.8861120947225296 -1.813664417867429 -15.116310551688782
-0.8735270041162005 -2.00170938891788 -15.171494908480856
-0.9031772909989624 -2.2033883188113346 -15.177965243211904
-0.9928367109523056 -2.379088902462682 -15.105620946001109

/group/left_iliac_branch1/24
24
posId 24
-1.241766433128246 -2.483311538528923 -14.863352853773518
-1.362021201048124 -2.4414704724463463 -14.705984997492779
-1.4442294127120585 -2.310113875176702 -14.578810713645868
-1.4850717280578496 -2.137254364378775 -14.49510946292664
-1.4823972945171098 -1.9416522317895841 -14.46113074781539
-1.4271720114722664 -1.7479571740632167 -14.492798021306287
-1.3227828762992722 -1.6014021176856668 -14.594529582737938
-1.194481 -1.5373765547018718 -14.741705481693355
-1.0699776398419658 -1.5565743893639794 -14.900033198155406
-0.9715166264910245 -1.6569701984492693 -15.041493656473568
-0.9179726893905178 -1.8179413501852475 -15.138706647911137
-0.9022403757662281 -2.004373379661879 -15.193802774419607
-0.9308757791610331 -2.2062616088853098 -15.196729722085824
-1.0224569262064604 -2.3743778170928294 -15.115020816952168

/group/left_iliac_branch1/25
25
posId 25
-1.2672654268309105 -2.4732949163666618 -14.86850848022431
-1.3904925318238333 -2.4370124572643967 -14.712241658224789
-1.4767841717038217 -2.3034922563843727 -14.5859118332877
-1.511409583864055 -2.1214718369616263 -14.515140620753336
-1.5007974253372225 -1.9280068369853645 -14.497864644890678
-1.444368651611288 -1.7448047287384696 -14.538185148091245
-1.3440520611393725 -1.6075011338568637 -14.639315993277478
-1.220391 -1.5398288013481785 -14.779861568483202
-1.093980861889336 -1.5514893694367433 -14.936169127039259
-0.9913470007765612 -1.6534621642724847 -15.077538719319513
-0.9388316619544221 -1.8226666109400225 -15.168169479301659
-0.9304859357531143 -2.012898667872139 -15.208108289249164
-0.9653435468125775 -2.206801238279095 -15.19582253538289
-1.0541733202661439 -2.3651768380090084 -15.112023872794751

/group/left_iliac_branch1/26
26
posId 26
-1.2940439116565958 -2.4573180096172744 -14.872167777921314
-1.4115936982190374 -2.403304617592641 -14.728587911958506
-1.5009222073491706 -2.2787704714972326 -14.610039192327092
-1.5455635610942222 -2.1034862735481816 -14.538013582069246
-1.5388197604587304 -1.9077957705569284 -14.523775053691972
-1.478198067515295 -1.7260513973436062 -14.574122814566817
-1.3740133454928183 -1.595080919158558 -14.68115761534773
-1.247447 -1.536016562349867 -14.822497343821052
-1.1193550400706855 -1.55671686976336 -14.974639675043301
-1.0155591479265744 -1.6641378364504955 -15.108172948686157
-0.9647926513156003 -1.836841075739921 -15.18707002418039
-0.9567472015895695 -2.02508191641953 -15.217762110590847
-0.985468297600947 -2.2196143014768226 -15.20616753517723
-1.0734936217140874 -2.381795915249165 -15.121559760413916

/group/left_iliac_branch1/27
27
posId 27
-1.3207450328550983 -2.426851225194858 -14.878118788396009
-1.4412530652250457 -2.3838014079833973 -14.743425068986014
-1.5294024017033472 -2.2546669752227406 -14.638526655063508
-1.564251725375292 -2.0791497366989034 -14.588932797942133
-1.5540679188581143 -1.8969775125552488 -14.588188947344001
-1.496539354671534 -1.7310715137849928 -14.640320848720094
-1.3941307874560784 -1.6230724640207042 -14.745348650658062
-1.275422 -1.580261550005841 -14.872469783159227
-1.1539041277442919 -1.596849288577098 -15.006541690120374
-1.049516385653622 -1.693097602426645 -15.127065208396816
-0.9972440353122836 -1.857583541206664 -15.195006922284447
-0.9942199622426904 -2.0370820520796853 -15.210031003536704
-1.0321036847719365 -2.2093996730276224 -15.179816886318644
-1.116557980188181 -2.3451132945488546 -15.096246991114096

/group/left_iliac_branch1/28
28
posId 28
-1.3556594484876725 -2.4622928051267534 -14.882837508447897
-1.4890515429603424 -2.400119797164217 -14.747594128727634
-1.5833711161093975 -2.2531573992647393 -14.650266413180855
-1.6145027530716638 -2.0644205002399483 -14.615828629221278
-1.6042914223017863 -1.8767578920217463 -14.6230074375315
-1.5485840002670546 -1.700726155757927 -14.676155812387748
-1.4407728484814608 -1.5751046710378214 -14.782562006016848
-1.304089 -1.5349540165051692 -14.919429558840237
-1.168918914775631 -1.575320298681951 -15.056102205578231
-1.0588773352096958 -1.6917119979129798 -15.168744941195637
-1.0012204127996012 -1.8656151165086519 -15.229627493924905
-0.9919810389666586 -2.054415973189039 -15.242038562106162
-1.0324117222933438 -2.2372375788659773 -15.204373492542361
-1.1234171077702209 -2.3848334408225647 -15.115239583448476

/group/left_iliac_branch1/29
29
posId 29
-1.3873194280433734 -2.4611840273811656 -14.894232587190146
-1.5236652087719662 -2.385633971068206 -14.771589952952976
-1.6382103687551748 -2.25128376225355 -14.670638281069873
-1.7029130236672447 -2.057717426423999 -14.617069653547736
-1.6938170359181648 -1.8433668187645307 -14.631693802133837
-1.6154707415284835 -1.6580443069596924 -14.708882782105295
-1.4767366603582384 -1.567775766779217 -14.83858175210686
-1.333222 -1.5450936013617709 -14.970673974041642
-1.1895305061226977 -1.574964876817036 -15.101384920775356
-1.054580986478881 -1.6773855996807603 -15.22195985557195
-0.9839590611246771 -1.8670505878261505 -15.281063724702944
-0.9756114385465038 -2.0750410865394833 -15.282600642859776
-1.0197650338776743 -2.275110961123482 -15.236291199492348
-1.1285373050556509 -2.425486705674349 -15.132265276108413

/group/left_iliac_branch1/30
30
posId 30
-1.4157740419684295 -2.436049501795754 -14.917581503874278
-1.5501535779777709 -2.3615603329028647 -14.809147064347783
-1.6561591211308269 -2.2258124817028127 -14.728620713297047
-1.7141437265405852 -2.0442211742746106 -14.691561518065154
-1.713104364405755 -1.8449430563720057 -14.70541203232305
-1.637283169467672 -1.6734104377425871 -14.780498455529603
-1.5069553374898375 -1.579086452687969 -14.896508086927199
-1.362622 -1.5565305818443882 -15.019652015601116
-1.2168745754831238 -1.5908809094942797 -15.140283075646352
-1.0909788699821064 -1.7067067025978613 -15.238874219759033
-1.025666085374175 -1.8878111522988683 -15.28214288902722
-1.0137306392340715 -2.0820370907329635 -15.27955928305106
-1.0570865173237616 -2.2683854406979735 -15.230877058036272
-1.1650206090428692 -2.4025024588813357 -15.13115493255426

/group/left_iliac_branch1/31
31
posId 31
-1.433378474314575 -2.3303102187663924 -14.96420161855414
-1.5384754128273692 -2.2737466849865124 -14.88699229109152
-1.617692816962338 -2.166962728975782 -14.834755491675889
-1.6542520151360578 -2.0300951725892227 -14.818785730348559
-1.650479712370291 -1.8874724171838833 -14.8349969629634
-1.594173371249796 -1.766518675909103 -14.890415936189832
-1.5016621281075717 -1.6915412614749998 -14.96997150263657
-1.392125 -1.6670542299327804 -15.058195364098482
-1.2791229510419082 -1.69798733792432 -15.14398882630946
-1.1843106172173836 -1.7897778670209104 -15.209855308788406
-1.139517831335233 -1.9265852271511958 -15.23229117990731
-1.1358181832141208 -2.0665710251111733 -15.22218784626634
-1.1626552209112284 -2.2029505462507735 -15.188458846630583
-1.238624369091223 -2.3091069543116802 -15.118986215768267

/group/left_iliac_branch1/32
32
posId 32
-1.4767622364286972 -2.4324962546270967 -14.97603732842943
-1.6211414649458082 -2.3636170013543607 -14.87765889127325
-1.7258532504963973 -2.218054968887979 -14.817312216248949
-1.7695197862124665 -2.0370844779070736 -14.805987619745649
-1.764671319201919 -1.8526623976031833 -14.830781466032017
-1.6939522822470534 -1.6924778970578358 -14.90128595573298
-1.566651865507784 -1.602884076051179 -15.005327048204009
-1.421566 -1.5817122052107762 -15.114589184547537
-1.272020861898169 -1.6154396776215585 -15.220816634594954
-1.1407881997034854 -1.7297138074093725 -15.304291150644282
-1.0782972350800155 -1.9100017935231877 -15.329554573745767
-1.0767669412334169 -2.094491739800511 -15.309449549505604
-1.123761874641256 -2.263392430523746 -15.255409843271142
-1.2254743163375885 -2.390209662810988 -15.16592517471874

/group/left_iliac_branch1/33
33
posId 33
-1.5050576881271982 -2.4207860081513117 -15.014273920520605
-1.6413438988159699 -2.343394628706088 -14.929845983205537
-1.7314891424858398 -2.2000053889076674 -14.886273986773588
-1.7645353134654012 -2.0358417938805733 -14.885155215113606
-1.758027609219392 -1.8742108383402278 -14.91119221212987
-1.7042046257397387 -1.7236404789346826 -14.968644626650095
-1.5907868022678235 -1.629436684814134 -15.06001727543921
-1.450781 -1.6075595072420774 -15.160243605794335
-1.3068816457095278 -1.6449268861940147 -15.255290579851208
-1.1909203646801414 -1.7635314743878157 -15.320105559967487
-1.144502893212218 -1.9303341908957363 -15.330167099010485
-1.146572198392001 -2.0904620378333285 -15.307415187144548
-1.1830434648838402 -2.2400519197477347 -15.262154005831704
-1.2661294384173603 -2.366723934632909 -15.187542601905479

/group/left_iliac_branch1/34
34
posId 34
-1.5147220964949475 -2.277638051794227 -15.087349996007166
-1.6085600104386153 -2.2375472328317607 -15.031438759556364
-1.673576046964338 -2.1445721845632635 -15.002347186085256
-1.694721481385916 -2.033037387365918 -15.004914315557752
-1.686946674250156 -1.9258438259239892 -15.025898765846668
-1.6497473311544957 -1.827379246573486 -15.064983670464137
-1.572444073751887 -1.7689281968495307 -15.12457827934344
-1.479604 -1.7590458542073006 -15.187226003339351
-1.388252442598666 -1.79037432549631 -15.242795116656632
-1.315242142476965 -1.8652638259896712 -15.279831212013715
-1.2771281850197598 -1.9666760805292582 -15.28994480068027
-1.2690822714626873 -2.072918355032705 -15.279527625288791
-1.2931977510662953 -2.175255490396521 -15.248492548187775
-1.357027575866312 -2.2501365143122283 -15.195346494264632

/group/left_iliac_branch1/35
35
posId 35
-1.5443008018466378 -2.289400571979402 -15.127538844313186
-1.6405076082163006 -2.246225998436085 -15.074159613190268
-1.7078181844377145 -2.152194382132295 -15.047046989326947
-1.7326400908313897 -2.0392320371722312 -15.049601482291372
-1.7286023331068785 -1.9273073410094244 -15.070078699643213
-1.6903633617570457 -1.822883505142164 -15.110790367647045
-1.6050695386869347 -1.7679005187403871 -15.17306829325019
-1.507873 -1.762028249715914 -15.234932214118185
-1.4126037530900513 -1.7916859449106302 -15.289891127487353
-1.334773206175637 -1.8672521213213016 -15.326558429090104
-1.2955112478694768 -1.9726607019090596 -15.33426608918819
-1.2878970842058273 -2.0820557866501224 -15.321497848537373
-1.3130257277869957 -2.187157879919907 -15.28889491951778
-1.3789720916427282 -2.265284053857395 -15.235033038235667

/group/left_iliac_branch1/36
36
posId 36
-1.5744970238077816 -2.311659994498824 -15.166682988507809
-1.6737306269742986 -2.2592955829062644 -15.116353611317535
-1.740176346734034 -2.1602015973024233 -15.093586100981486
-1.7651995950161985 -2.046157965160571 -15.098111703128444
-1.7592670299379518 -1.9342518617124966 -15.120761527559322
-1.719594490203673 -1.8310126346123141 -15.162083690852564
-1.6374571261298658 -1.7662503712062942 -15.222199673146315
-1.535422 -1.7531097960334128 -15.285386418395777
-1.433266444593734 -1.7861799935313283 -15.340755232990318
-1.3547257801239512 -1.8706410006889216 -15.373245149966133
-1.3186656642916086 -1.9803452331031781 -15.376052501554543
-1.3133590296465154 -2.089734688831201 -15.36054526900107
-1.3371909506251962 -2.1954440759948683 -15.328262586968965
-1.4007509277741754 -2.280041069770416 -15.27585592898671

/group/left_iliac_branch1/37
37
posId 37
-1.6044367254497636 -2.3388175285779687 -15.205624188393365
-1.710978395683456 -2.2810730516633093 -15.15529735286193
-1.7826669512220785 -2.175843334376967 -15.133347777566877
-1.8098334435776189 -2.0546227368777528 -15.139630417927833
-1.8063063738673077 -1.9343489881925162 -15.163227694740785
-1.765625439808176 -1.8204693014285382 -15.206841992261486
-1.6744968246646872 -1.750900563409656 -15.271240384961505
-1.562088 -1.7390370807682602 -15.33740346238773
-1.4505516446010565 -1.7752511364839165 -15.394440041813215
-1.3637854506257272 -1.8654348787109973 -15.427679214158351
-1.324463699430013 -1.9843127487260568 -15.428741315951278
-1.3189186704623044 -2.1025512443970245 -15.410677270152247
-1.3437289207906062 -2.2177487517218437 -15.375867170333551
-1.4132407362184325 -2.3104919832275095 -15.319623169450619

/group/left_iliac_branch1/38
38
posId 38
-1.6266698271447502 -2.3200127452952755 -15.257410155734958
-1.7277302322215813 -2.272346111421276 -15.211419445963354
-1.8000236857409253 -2.1775343984325826 -15.189865091488416
-1.8300562344119078 -2.062508221415163 -15.195044931199716
-1.8282031389476099 -1.945631596036937 -15.217891397622454
-1.7847120152030476 -1.838572825562928 -15.261521793194772
-1.6927633480976656 -1.781653133367978 -15.322106084004009
-1.587706 -1.7768617960946005 -15.380070419969314
-1.4854342500566358 -1.80882235667882 -15.429654026350558
-1.3999956173442187 -1.8853566340060923 -15.46176443863529
-1.3555410177267981 -1.994779432394775 -15.46546597300162
-1.3485609811710575 -2.1092504736909943 -15.447867333554289
-1.3756574569287203 -2.218968686585899 -15.412645852239601
-1.4471781520685483 -2.3007134406072556 -15.358519530783422

/group/left_iliac_branch1/39
39
posId 39
-1.6519627887727166 -2.331665290103112 -15.301636137252073
-1.7550320058347622 -2.2830937323574987 -15.257688906280451
-1.827046752207347 -2.186446579111183 -15.239088026538269
-1.8550426700963865 -2.071259300881997 -15.246839302043757
-1.8512397661274334 -1.956304699478132 -15.270996885434526
-1.8096930930912873 -1.8492783258267373 -15.313150911741044
-1.7189143443698114 -1.7891751538491547 -15.371717540027841
-1.612112 -1.7808644174138897 -15.428576329345168
-1.5054758807295565 -1.8101278546849522 -15.478096031042144
-1.4178979931584326 -1.8902397407018536 -15.507940419433156
-1.3762111741902998 -2.0031072124311913 -15.507719976854862
-1.3695984539963675 -2.1179352357175807 -15.488975383880184
-1.396310008809015 -2.2285176702540546 -15.453809913116382
-1.468238503820388 -2.3122967612905616 -15.400425268229256

/group/left_iliac_branch1/40
40
posId 40
-1.6733421322228406 -2.3263768791609225 -15.350431279253176
-1.7729463533469434 -2.2817332074195296 -15.31032535734224
-1.8410654576168253 -2.188913529113847 -15.295238258594743
-1.8638502019878544 -2.079613085744715 -15.305696453964737
-1.8557467443355466 -1.9744966378864528 -15.330505912565146
-1.8160430946207524 -1.8782443686822596 -15.369089252543478
-1.7355865140628672 -1.8170815484230307 -15.420748588598801
-1.635141 -1.8061515524087621 -15.472278902562104
-1.5349050142397824 -1.8363868257345837 -15.515550077548346
-1.4543563267765258 -1.9122444922737039 -15.540106512150622
-1.4166375965289175 -2.0163266423859096 -15.538021652254367
-1.4087791975879234 -2.121904906252131 -15.520965271748867
-1.4317574801532105 -2.2255252055679997 -15.489141899799503
-1.4996662006179757 -2.303493560955432 -15.44031958993533

/group/left_iliac_branch1/41
41
posId 41
-1.6941841000326208 -2.3282693323174732 -15.396913996597819
-1.7931363410987795 -2.286684632960951 -15.35932043996476
-1.8598671249538399 -2.1954609552272832 -15.34674588593815
-1.8810560435117305 -2.0887410682718643 -15.35847805218085
-1.8727723720285867 -1.9868340193693357 -15.382938902295841
-1.834387958911403 -1.8929316376621657 -15.419774952441443
-1.7550599014240897 -1.8339643210453067 -15.468580740822583
-1.65663 -1.8207308276089773 -15.517017903068037
-1.556116758462711 -1.8469942111284443 -15.558435767640699
-1.4762158789009523 -1.9227851975086925 -15.58025431175696
-1.442407861711799 -2.026329294612268 -15.575031133938737
-1.4376958440474659 -2.12798783469063 -15.556662338008215
-1.4590796746041579 -2.227814657892067 -15.526531828703442
-1.5229085241465943 -2.3065496477314897 -15.480933921849708

/group/left_iliac_branch1/42
42
posId 42
-1.7153553100391286 -2.343796411491345 -15.438914981781005
-1.815203811900449 -2.2972555717983303 -15.404840023000938
-1.883786413726098 -2.2061528542129265 -15.393581127739457
-1.9073558206048271 -2.098617250020635 -15.405368386890117
-1.9023663286904688 -1.9934176424205008 -15.429156192870114
-1.8653243652158287 -1.8930434250234476 -15.465959943417927
-1.7820336586906853 -1.828312019417218 -15.515653746156557
-1.676414 -1.8175498266227557 -15.564020427308494
-1.5728402213468993 -1.8511280194872968 -15.602385797363418
-1.492763240080137 -1.930026412897859 -15.621174476131198
-1.4582462815763035 -2.0341581235128467 -15.614870478105944
-1.4506754148961813 -2.1371976939731616 -15.59701525521662
-1.4672466910007227 -2.2432289123864466 -15.567995357795851
-1.5315341850173094 -2.33151702335883 -15.521767622383697

/group/left_iliac_branch1/43
43
posId 43
-1.7333570085695817 -2.350453103574486 -15.482147873272739
-1.8332980517361337 -2.3045287758755415 -15.451017854521043
-1.9012449516033967 -2.214162322589322 -15.4421399606573
-1.9251221721484912 -2.1081482312696145 -15.45444651670806
-1.9203762601693815 -2.004041654315712 -15.47800478180953
-1.8826061135325238 -1.9052756502841028 -15.513892573454335
-1.7986447969076298 -1.8433971016491795 -15.560914575016884
-1.694328 -1.8321692538562262 -15.605697985622102
-1.5902449846716669 -1.8608283516446114 -15.642100203615062
-1.5078670680635409 -1.937317915213842 -15.659733458833061
-1.4713356679702674 -2.0413992270317167 -15.652977940963554
-1.4665325963298774 -2.144884369583712 -15.63343466043677
-1.4915387623519294 -2.244631517309553 -15.602537255480941
-1.555728868661577 -2.326430846020514 -15.55942268829726

/group/left_iliac_branch1/44
44
posId 44
-1.7492873865372511 -2.355989420279763 -15.52329308195822
-1.847412419155394 -2.308356218138588 -15.496650036838608
-1.9142202733672198 -2.2203276902665285 -15.4903560612728
-1.9394408687700766 -2.117246326147215 -15.50286238155664
-1.9348479405173553 -2.0150114047782504 -15.52636690903983
-1.897274564250524 -1.9179420717675122 -15.561136831645555
-1.8144878586333344 -1.8554659854958782 -15.60548893029166
-1.710282 -1.84609766374878 -15.646556854417742
-1.6074890564301612 -1.8745249782861388 -15.679042180000272
-1.5242451893706972 -1.9473182739600852 -15.694744877418616
-1.4868283865583178 -2.049596330482486 -15.686982668092881
-1.4816699419265094 -2.1521513171088373 -15.667066214722965
-1.5066061521269356 -2.251305161900679 -15.636590454497592
-1.5719551266401024 -2.3312944454207942 -15.595045213412945

/group/left_iliac_branch1/45
45
posId 45
-1.764417235031978 -2.3682287627359098 -15.559843462465155
-1.8671100223628723 -2.3230154553036018 -15.534875918494787
-1.9355614416351363 -2.232083869686483 -15.53181502316799
-1.960507874770129 -2.126656291407219 -15.546849019147091
-1.9573252646082455 -2.0220115783771897 -15.571313852854969
-1.9187565280081116 -1.9220578267729118 -15.606814648669904
-1.8311042736339322 -1.8613776772112034 -15.65030301434614
-1.724351 -1.8504914906207302 -15.68918999738453
-1.6181644970018338 -1.8781341602280994 -15.719275948104942
-1.533044967567308 -1.9528705378984863 -15.731646872670344
-1.495435431934409 -2.056827702368182 -15.721265670915647
-1.4922090651937872 -2.1601248676355267 -15.699290473436465
-1.516380684494359 -2.260448485979709 -15.668623491829836
-1.5810702415814473 -2.3446130908987963 -15.627730100384666

/group/left_iliac_branch1/46
46
posId 46
-1.776708122711249 -2.373585390022477 -15.595620459765152
-1.8798852863071982 -2.3298836552966753 -15.57442114455645
-1.9524923688429203 -2.2422448298961344 -15.573111743163167
-1.9809436522924115 -2.136200451647394 -15.589752306143385
-1.9766417314552915 -2.0297644888830244 -15.616535053066492
-1.933233807892712 -1.9315969326845026 -15.653337236511998
-1.844817057384817 -1.870335464926507 -15.69511874658094
-1.736634 -1.8584636054411119 -15.731148852355888
-1.6282801694167366 -1.8849863187093596 -15.758046120918289
-1.5386032532129839 -1.9577241610652254 -15.768157253434364
-1.4986378600775692 -2.0635615652769665 -15.755098671339919
-1.4950293401033654 -2.1695617332790644 -15.730847060725802
-1.5210585478456733 -2.2720154276631193 -15.698351188845319
-1.591153386336025 -2.3533557085860117 -15.657387236719785

/group/left_iliac_branch1/47
47
posId 47
-1.7899835108650475 -2.3958145063927025 -15.623790743108291
-1.8996356250133126 -2.3494904033037463 -15.60614376678203
-1.9796261362157421 -2.2593012894463413 -15.60798695948515
-2.01334081087531 -2.147052283126519 -15.628135687138359
-2.003610040718853 -2.034622985352745 -15.660112920432505
-1.9522595082649714 -1.9358481190922412 -15.699813398751271
-1.8599496923310703 -1.8729095701606948 -15.741269644597944
-1.747231 -1.857175108508949 -15.775942411978974
-1.6318211242580105 -1.8820967576409005 -15.80073574490148
-1.5353945241828124 -1.9575164544273207 -15.807203745567517
-1.4926362567534843 -2.0690123001061007 -15.789703980836903
-1.4878530416675777 -2.1809549846484413 -15.761789606146378
-1.5137158881354642 -2.2908730159149098 -15.726093020840773
-1.5905263363266184 -2.3764862663376953 -15.682922895569876

/group/left_iliac_branch1/48
48
posId 48
-1.7977313178590533 -2.3936652664316136 -15.656916768250598
-1.9063191422977483 -2.352787534235244 -15.643205072250753
-1.9827086336999065 -2.264226403309425 -15.65083426376016
-2.0117924934119262 -2.1563478383421844 -15.675160970833742
-2.001847512367387 -2.0502382538885433 -15.708149008314638
-1.952233012881587 -1.9573382675458084 -15.746644205965634
-1.8630943235844653 -1.8998792303128993 -15.784190658442348
-1.756242 -1.8856590613809436 -15.813410074981112
-1.6482303323568355 -1.9108283201865188 -15.831523917931756
-1.557629897610328 -1.9798078793232627 -15.83289083053132
-1.512540533803331 -2.081460351144414 -15.81412410881356
-1.507184613079337 -2.18709925727306 -15.784867955463167
-1.533633471808364 -2.289976916447987 -15.748934852428548
-1.6071335673290557 -2.370088508346486 -15.708520266125976

/group/left_iliac_branch1/49
49
posId 49
-1.7966650717292272 -2.34796063585952 -15.703910882682887
-1.8826214391305272 -2.3161729276608187 -15.697099811533674
-1.9465954628983053 -2.2493315474119377 -15.705984757948647
-1.97235566992213 -2.1639448552331344 -15.728457048335278
-1.965278689234288 -2.078392451281814 -15.757508945024334
-1.923610713681112 -2.004173554841988 -15.789773139712196
-1.8513464822506998 -1.9568909422510767 -15.81941383469359
-1.763765 -1.9452165335441802 -15.84059223687295
-1.6760644821130963 -1.9668296168870685 -15.85103777027492
-1.6035180636224975 -2.022447137569078 -15.84748338031865
-1.5661745471105535 -2.102740824280719 -15.828958909929545
-1.5614143797501114 -2.187022080435388 -15.802670285333912
-1.5849487906814093 -2.2679182552920327 -15.771852255890732
-1.6460075812919521 -2.32831941014487 -15.740199400675786

/group/left_iliac_branch1/50
50
posId 50
-1.806524170011627 -2.378068566276795 -15.723200534613044
-1.9020893354798303 -2.343627856462198 -15.720168025928597
-1.970625483907157 -2.269565816127568 -15.735951758125864
-1.9973226946677576 -2.17755321351555 -15.765079407624958
-1.9929564677988576 -2.0848179568196046 -15.799528525930175
-1.9515617480246863 -1.999776629956689 -15.837208454175421
-1.8685222560750345 -1.9485939281742044 -15.869351934596558
-1.769902 -1.93888651011754 -15.888943522086334
-1.6723033492123873 -1.9609983443748227 -15.89679255496949
-1.590995186893428 -2.020928080114291 -15.888230181475922
-1.5508508935840473 -2.1090918601674455 -15.862692580325342
-1.5465926230332983 -2.2006060372081464 -15.830092169774629
-1.5734596928004065 -2.287788224902879 -15.793999144080313
-1.6387853621911117 -2.355861923805691 -15.758595161894744

/group/left_iliac_branch1/51
51
posId 51
-1.8120516071100399 -2.39053336220314 -15.747228841222418
-1.9090494276887051 -2.3563137888103336 -15.748881426644298
-1.979930272017819 -2.2837051396539887 -15.769640379908724
-2.007709026420598 -2.1917629857668506 -15.803850927855157
-2.003088312390822 -2.0987091597762104 -15.842660612110482
-1.9613269331399048 -2.012617512939788 -15.883359559281537
-1.877088996691727 -1.9583732496077448 -15.916409206741026
-1.77475 -1.947407367907379 -15.933998018931387
-1.6745531250187036 -1.9718668128722538 -15.936763121224798
-1.594236126917188 -2.0340464657316377 -15.921494038929469
-1.5535101845922012 -2.120895987929826 -15.891030536795492
-1.5444899661849485 -2.2122367128791462 -15.854668565356452
-1.569423795100621 -2.302236239443359 -15.814516129424195
-1.6396180618629217 -2.3695951760676364 -15.777875653662782

/group/left_iliac_branch1/52
52
posId 52
-1.8202776193817796 -2.4261357638042518 -15.759073895740826
-1.9281209141125526 -2.388071704621335 -15.76654533169086
-2.0015022685157264 -2.3065516364657497 -15.797409742679113
-2.0265263495349637 -2.2086106542232975 -15.840446571411382
-2.0224282484254084 -2.1114295602322506 -15.885877997050903
-1.9836737577829426 -2.016248449112113 -15.933651205960755
-1.8919924949240647 -1.9551451447241324 -15.970620917044005
-1.77841 -1.9427761747721513 -15.987067268418892
-1.6675080103772737 -1.968597407550317 -15.985559063065788
-1.5825335287888231 -2.0381525198298815 -15.961334056774547
-1.5438333291411162 -2.131234545316387 -15.921839364462366
-1.5335428674498797 -2.2259509712938788 -15.878907484623555
-1.55279579049516 -2.324142293073685 -15.831578394103536
-1.6244706833752565 -2.4048322599993233 -15.787416981133111

/group/left_iliac_branch1/53
53
posId 53
-1.8249369899320462 -2.4479737377394506 -15.775322423771954
-1.9406659086532025 -2.413369757896297 -15.786110703913883
-2.0221664112353883 -2.3310292492734623 -15.823950012466797
-2.0547965738847975 -2.2285545940435907 -15.875359992175186
-2.0535924788785853 -2.12295812486663 -15.930522095015062
-2.0056853315880634 -2.0225556014440067 -15.985905931296598
-1.9016294474068736 -1.9636987577240665 -16.02314073222192
-1.780981 -1.9532726664232973 -16.03615206569882
-1.664200571948593 -1.97737143382067 -16.030910038344263
-1.5687043720934182 -2.043443989949647 -16.00243565838384
-1.5166385532111497 -2.138983026867642 -15.955863639181196
-1.5049704544157185 -2.2429698939440916 -15.902349125293364
-1.5339820841284786 -2.3468376854640223 -15.846343516068908
-1.619253806257638 -2.42438952915598 -15.800535056109219

/group/left_iliac_branch1/54
54
posId 54
-1.8344786495007515 -2.502592920788366 -15.771249998588138
-1.9740536276243097 -2.467990040430302 -15.78677291408258
-2.0697420518799547 -2.371879358441984 -15.839724018410042
-2.0990263415961685 -2.2526205413979525 -15.908441511854585
-2.0904895933580923 -2.1358555945687474 -15.976975416266747
-2.0324080839341017 -2.0280375651448908 -16.041948997684607
-1.9194570442774106 -1.9579205680116514 -16.086735525675156
-1.782562 -1.9371485579935357 -16.103487644558058
-1.6435178177870973 -1.9578833729116771 -16.096052404069777
-1.5291065393358803 -2.0326999342475998 -16.056177895760406
-1.4759813042955876 -2.1452229222178394 -15.992200427663743
-1.4687561669676805 -2.2615588034493883 -15.924448248216722
-1.5034732701295899 -2.3757982103237936 -15.856508564767251
-1.597807749735394 -2.464695839234204 -15.801372310556674

/group/left_iliac_branch1/55
55
posId 55
-1.832994263644738 -2.5028787927337683 -15.798361456839057
-1.967545082252363 -2.473202733232712 -15.816670506932443
-2.067048707505093 -2.3883273713090776 -15.871182192286044
-2.1012027286167116 -2.274863130752854 -15.944799087815841
-2.0905317208122653 -2.161478192700628 -16.018701602973522
-2.0247281547737908 -2.0622296845694317 -16.083815028420524
-1.9127458644827502 -2.0005024832967147 -16.12484666216441
-1.783254 -1.9764119060335652 -16.141505724896994
-1.647056381064802 -1.9890442636088572 -16.134305812782692
-1.5314255423947065 -2.0563455366148324 -16.091357534508006
-1.4764475792729836 -2.163709379284219 -16.021869136371162
-1.4711043416926697 -2.276372487368836 -15.948557074415854
-1.5097598716784986 -2.384820483673115 -15.877658336198607
-1.6053347919048218 -2.4663591602553647 -15.823851368004007

/group/left_iliac_branch1/56
56
posId 56
-1.833957888525765 -2.5223721720534638 -15.815051563793519
-1.965910604494717 -2.487722070273758 -15.842044728344822
-2.0533817454498906 -2.4014848138140588 -15.905523226264762
-2.081688913767483 -2.2967320239512627 -15.98143316146155
-2.074989610101847 -2.1927646787888273 -16.05623927328134
-2.0227070442575146 -2.0936717249999277 -16.126832930874173
-1.915824265433065 -2.025717623745387 -16.1741518897302
-1.783156 -2.0040736174616898 -16.18770794928431
-1.6493322101283714 -2.0217112802114516 -16.172943591298775
-1.5409203897095458 -2.0882574304370234 -16.12333087289438
-1.4895124696584616 -2.1880568009276353 -16.050634940080407
-1.481497196133359 -2.292701473641002 -15.975114707199117
-1.5142715968756557 -2.396871977847893 -15.900562885589794
-1.603400871606614 -2.4813931188298564 -15.841034483472388

/group/left_iliac_branch1/57
57
posId 57
-1.8328882123956263 -2.537123883434355 -15.837413645032493
-1.9677130324285053 -2.509448651913096 -15.864006884353843
-2.058877165799612 -2.427033252902988 -15.932423707410296
-2.0837467693747707 -2.323204406966856 -16.01549222595971
-2.0734041707338378 -2.2224660326403267 -16.094891166370978
-2.018845566998081 -2.1280458385326297 -16.167752381977245
-1.9134308867372607 -2.0619971268337483 -16.21638492715771
-1.782367 -2.0383171719075217 -16.230581979912266
-1.6479930047685898 -2.0517957261626747 -16.215244400406977
-1.5382189983929482 -2.114668109015989 -16.161654237455043
-1.4870319660086722 -2.211544360669104 -16.08317645763479
-1.479499142320755 -2.313150967729755 -16.00246938293541
-1.5164470894273783 -2.4126473711601197 -15.924977625087829
-1.607004433517014 -2.491490673813249 -15.865699234586629

/group/left_iliac_branch1/58
58
posId 58
-1.832873829432455 -2.56263310833231 -15.854577413189716
-1.9726521645438124 -2.5378902564814334 -15.882936073715735
-2.0701036423982844 -2.4579341891732365 -15.956776317752674
-2.1031217454560625 -2.354146303672297 -16.04792820301479
-2.0922323477157776 -2.2499713428275325 -16.137207535288844
-2.025854947016003 -2.1570188224682982 -16.214021914618012
-1.9146606339511798 -2.0933561967913996 -16.263328604826075
-1.780989 -2.0670897406576643 -16.27926038722183
-1.6421596895556352 -2.0779784605323135 -16.262895359821673
-1.5251796273838387 -2.137330320683413 -16.20584012592656
-1.46783831166629 -2.2340203234083416 -16.119586281967234
-1.4616042316932707 -2.3379217080051355 -16.0296824048585
-1.5022087813730947 -2.4388999608299216 -15.944652646173223
-1.5999622790485473 -2.516416279946179 -15.882724999034886

/group/left_iliac_branch1/59
59
posId 59
-1.8298239098362636 -2.5786702545372258 -15.883708195967335
-1.9641368042637033 -2.5537010040271397 -15.915260561854332
-2.0587046242219365 -2.479974832693864 -15.989725854677939
-2.090425941915287 -2.38312975900413 -16.08181479987006
-2.0798680343812608 -2.285729895466925 -16.171802397503654
-2.026112884238996 -2.192127451213732 -16.255581601594418
-1.915882500984167 -2.126237749053134 -16.310074495145976
-1.779143 -2.1057070697597213 -16.320714572601084
-1.643330899081825 -2.119318439076584 -16.29963914205946
-1.5287285092176066 -2.17456452683417 -16.24113119324814
-1.47515231464611 -2.2663396624851377 -16.1524072777691
-1.4693130259629368 -2.3638076124876597 -16.061341115963785
-1.5056313507704469 -2.460112048764819 -15.97396784255655
-1.5994225720369277 -2.5365856174367982 -15.90860769825329

/group/left_iliac_branch1/60
60
posId 60
-1.8210433387850702 -2.5734740368926174 -15.93823070000786
-1.9342189250690485 -2.548984284087763 -15.970576044178136
-2.015126078496312 -2.48901471297985 -16.03605827170749
-2.048172562729067 -2.410132114980893 -16.11706037579372
-2.0408441642279 -2.3276636091388574 -16.198816003244662
-1.9894165014688454 -2.250458553941938 -16.27223682534075
-1.8913870668226882 -2.2000264733556083 -16.315690559115
-1.776952 -2.181657834564858 -16.32601139879303
-1.662460016257787 -2.191932512734981 -16.307754529748852
-1.5659487569858233 -2.2365556416328998 -16.25649016588118
-1.5162085136204344 -2.309988313235137 -16.179757246791056
-1.512709484124454 -2.390737981717782 -16.098959049836836
-1.5489485784879051 -2.468183477957091 -16.024236137586797
-1.6252743564598298 -2.5321791115793055 -15.965733928510423

/group/left_iliac_branch1/61
61
posId 61
-1.823391364607382 -2.622229058526381 -15.943579041346474
-1.9489313356839901 -2.596552416490559 -15.980243668442403
-2.0319709950904503 -2.5293892658719406 -16.057881660719282
-2.065352877413328 -2.446717406000706 -16.148322178706533
-2.0563696241260656 -2.3613320118562138 -16.238495337573873
-2.000159526757915 -2.2821019132279217 -16.31860355927306
-1.90008329249767 -2.2240191645722547 -16.372946933479444
-1.77454 -2.198643900291354 -16.390596473850906
-1.647227091937301 -2.2119522427041862 -16.36695854703801
-1.5451502295894428 -2.2629365492567506 -16.305115901041393
-1.4938100359657382 -2.340655844541096 -16.21860735553608
-1.4919353265800517 -2.4246488499388117 -16.12910713546143
-1.5310730675828244 -2.5047606463158574 -16.046789745149933
-1.6103747252718092 -2.5733490285446585 -15.97972259256465

/group/left_iliac_branch1/62
62
posId 62
-1.820141248417698 -2.6486796098686716 -15.974055085272573
-1.9492701659348892 -2.630136446112847 -16.004767639303562
-2.0410810396162424 -2.567599719748414 -16.082390151607
-2.0764308539096197 -2.484124391509602 -16.17941660196132
-2.0614840204253486 -2.3985443765822914 -16.275023541323474
-1.996605710617131 -2.323609435140723 -16.354826797664018
-1.893638505728458 -2.2723011598015863 -16.405046954416555
-1.772032 -2.2459553548401248 -16.425642970569463
-1.6420425108048424 -2.25062733703056 -16.410544778359146
-1.5330247111587527 -2.2978685204577105 -16.348912135786208
-1.4803197388200826 -2.3763121824777236 -16.25626253931813
-1.4811453797281846 -2.4605989083976225 -16.161051000480867
-1.5193813004546428 -2.5412107115634406 -16.072818764037844
-1.6050496163807595 -2.606927538081002 -16.00500537038775

/group/left_iliac_branch1/63
63
posId 63
-1.8199331663551583 -2.6897675998534507 -15.99050011545439
-1.9529212988976274 -2.6686962099452085 -16.025460579074675
-2.049309211072959 -2.6067122826204656 -16.106744094417458
-2.0882326055454064 -2.5230237215254077 -16.209820540470112
-2.07837748068556 -2.4354698604384413 -16.313959600891803
-2.013320000991986 -2.3559823463299048 -16.40440151895249
-1.8999028905183217 -2.30442113731446 -16.457861178737623
-1.769553 -2.284445003132721 -16.472254560553864
-1.636843589518196 -2.291624990458685 -16.453951640447656
-1.5217673265931821 -2.3360467870314467 -16.39233507236016
-1.463930429866492 -2.4139830444113994 -16.294764964821475
-1.458572631648975 -2.499703557225325 -16.191709257898005
-1.49827776613003 -2.5834706330581096 -16.09428811471632
-1.5924017897822897 -2.649683967010431 -16.021869490567227

/group/left_iliac_branch1/64
64
posId 64
-1.8116121640872207 -2.6995256679838233 -16.047315728881237
-1.92813455379591 -2.6807077179274432 -16.07897448840626
-2.0177544963230525 -2.6300809355299317 -16.14911584050485
-2.05757155607903 -2.5581432181871078 -16.242905507662694
-2.0531502331974854 -2.480356425450369 -16.34113317382501
-1.9931841086935334 -2.4092118636567723 -16.427218205282927
-1.8860450166404938 -2.365911896991043 -16.474867879292432
-1.767226 -2.3514031176392596 -16.485266455423403
-1.6495956654562498 -2.3598132924740076 -16.46671576172472
-1.5464114469606207 -2.39740880740485 -16.412168992597444
-1.4917329098791743 -2.463965075946655 -16.324197567247957
-1.4816497110614983 -2.5389348503083773 -16.228564010396287
-1.5117429255429262 -2.6154870704568154 -16.13362381157427
-1.6019187029545165 -2.674187496364933 -16.06532894163

/group/left_iliac_branch1/65
65
posId 65
-1.805514312937448 -2.720119751133439 -16.09550523483662
-1.9116884675555739 -2.703437924539759 -16.123921782503928
-1.998507720539384 -2.660696053903493 -16.186095678682154
-2.0355487650405166 -2.595832398238562 -16.275010709258776
-2.0246455933394167 -2.5269220026341426 -16.36658756455877
-1.9684996180522698 -2.465641020273936 -16.445358526606647
-1.87344621990864 -2.42664866289599 -16.49207315951753
-1.765176 -2.412596035431626 -16.504659303358395
-1.6566083994188494 -2.4202864149734915 -16.488135989386773
-1.5638721430423523 -2.45555765571077 -16.43561814871166
-1.5132588881262279 -2.5142007729895477 -16.354247007161653
-1.5040232647104028 -2.5804500790269786 -16.26507443301481
-1.5369228343060262 -2.6460760183376335 -16.179155158415824
-1.6187478930241395 -2.695296001523736 -16.11799633287418

/group/left_iliac_branch1/66
66
posId 66
-1.8066435833367414 -2.768477092184986 -16.109119663717156
-1.9155897378766147 -2.746529816859629 -16.144883088923283
-2.000900192297241 -2.7013522281407436 -16.212435614429936
-2.0471243106359216 -2.6383089924737986 -16.303523408007877
-2.0413394409873487 -2.567778425385781 -16.402919484892276
-1.981478161597501 -2.504713428135656 -16.48940751047669
-1.8779970726486293 -2.466987705445299 -16.538191175099175
-1.763528 -2.4559803735196053 -16.54874634897628
-1.6510646163225626 -2.4648686120142487 -16.531279762276352
-1.551406614699542 -2.498804253503703 -16.478984082172772
-1.4987070275138596 -2.558863787239142 -16.39182914212432
-1.4894466527395385 -2.6260854840835006 -16.29645126886842
-1.5218205194857883 -2.693065601707144 -16.203231998924124
-1.6075005795021489 -2.743660360319215 -16.135489418077583

/group/left_iliac_branch1/67
67
posId 67
-1.8038021750553943 -2.801607765685607 -16.14524275457648
-1.90907472059807 -2.7810345612853036 -16.1786203200919
-1.9910836883388574 -2.7382899383004067 -16.244489908483853
-2.0347772157244983 -2.6793457803328167 -16.333557378315227
-2.0297115536452663 -2.614053849944675 -16.430856324862535
-1.973857460963012 -2.5552306243412057 -16.517210524411148
-1.8737041845169753 -2.52048367671989 -16.56651127555526
-1.762405 -2.5108769867236074 -16.57801444823809
-1.6530581267155278 -2.5202804860126817 -16.561200518197975
-1.5576486321616592 -2.553590464884945 -16.50906823916657
-1.509248519419587 -2.6102955341352594 -16.42322215970107
-1.5008662191492317 -2.6722464665156216 -16.330566450144804
-1.5314325622253138 -2.733683883637117 -16.239667982532264
-1.6133883885760012 -2.779534867525531 -16.173334919430253

/group/left_iliac_branch1/68
68
posId 68
-1.8054210103305703 -2.8493659889140917 -16.160716863474747
-1.9173573312272332 -2.828534129579814 -16.193828655578645
-2.0039856352009062 -2.7839845617218972 -16.264294329581464
-2.0436364776511335 -2.723020764140184 -16.3605448456308
-2.0356619525009068 -2.658568737830244 -16.462189968248605
-1.9805133817032299 -2.600271781137437 -16.55401990099133
-1.8774417801547079 -2.5662549869031364 -16.607443414803146
-1.761932 -2.5578777834278466 -16.620396344601094
-1.6484376276300612 -2.5683969336975254 -16.603547742133184
-1.549119117208451 -2.602529793559688 -16.549484164085165
-1.4933630465815058 -2.6588448148016512 -16.460530010617315
-1.4839442467960187 -2.72217969268892 -16.360607743880767
-1.5223246658089278 -2.782669710187769 -16.26528073422805
-1.6068529211590077 -2.8279362113692295 -16.194070673031497

/group/left_iliac_branch1/69
69
posId 69
-1.8024847788265768 -2.880351251094809 -16.203882990792458
-1.9057793942284595 -2.860293895492758 -16.234625444238755
-1.9850585653614554 -2.819566978832711 -16.300523624822887
-2.0187654873805325 -2.7650870366164453 -16.39060179498818
-2.0087322439550443 -2.709317594658956 -16.48399833494236
-1.958951589572555 -2.6596268756638564 -16.568302712985652
-1.8675822325085827 -2.629837125033155 -16.620482227469964
-1.762233 -2.622457642544727 -16.635611230951465
-1.657261450598576 -2.6327335608404203 -16.62124744957758
-1.5654969603336917 -2.6642382711959827 -16.57108196765144
-1.5163142274666948 -2.7151882329172574 -16.48731071040802
-1.5110155536650374 -2.7706781840127683 -16.394789263349846
-1.5466282481045381 -2.8223829987522966 -16.30749891919689
-1.6215080476186028 -2.8614351091629198 -16.240291410904337

/group/left_iliac_branch1/70
70
posId 70
-1.8029540734252918 -2.920947479107156 -16.232822373672285
-1.9028698934793062 -2.8994568567661316 -16.26468495842392
-1.9773766346927766 -2.8597030345257672 -16.330487496082373
-2.013999880702579 -2.809313762841075 -16.417490839535056
-2.009599449774837 -2.7563908129941153 -16.511535319224386
-1.9587827253805588 -2.710167121405346 -16.59659713985827
-1.8675032119507025 -2.683856830560441 -16.648892679775283
-1.763432 -2.6785077429076707 -16.66484412677442
-1.6609384717132236 -2.691064880870251 -16.648970551274896
-1.5739415079227854 -2.7229316886949806 -16.597919457909107
-1.5261523913952804 -2.7705756201739713 -16.516474977591
-1.5162482651597808 -2.8223416284596903 -16.425370222084926
-1.545615262679841 -2.8723956455032744 -16.334855974780293
-1.62143755713002 -2.908854866664566 -16.26553971734699

/group/left_iliac_branch1/71
71
posId 71
-1.814364077024282 -2.991449177686238 -16.205132010443123
-1.9411853650505702 -2.966374622369878 -16.23900264835277
-2.0079810728078225 -2.9101380953156415 -16.337983745050728
-2.0337753986955067 -2.854621895195482 -16.439942790642306
-2.0288241604446866 -2.800732423625398 -16.542085934909174
-1.9802241310793114 -2.75199409415132 -16.63913181705236
-1.891290712010702 -2.7140769495129993 -16.720037789883868
-1.765655 -2.7041758082566516 -16.751995521219133
-1.6415496382082344 -2.726589605803197 -16.722855046567066
-1.546858700962317 -2.7692319828818834 -16.65245864665825
-1.4950878229846376 -2.823054298865242 -16.556441020394534
-1.485714233563953 -2.879363981083423 -16.45124906065139
-1.5180679995031292 -2.9331343260759315 -16.346432485739697
-1.6020630159490508 -2.972735755860848 -16.26287273361775

/group/left_iliac_branch1/72
72
posId 72
-1.8040823945053455 -2.9966662461256304 -16.30461208143321
-1.8954809612239103 -2.9776604966434275 -16.328534587138005
-1.9605844222135078 -2.9418497233959373 -16.390458268737696
-1.9877820102237753 -2.8997143963650096 -16.47108965296218
-1.9801082768990765 -2.8587448124092245 -16.554857214712865
-1.934094281424112 -2.825606668426984 -16.62887414860973
-1.857779009255999 -2.807576114514396 -16.67721326121069
-1.769018 -2.803300858735317 -16.699790924731012
-1.6754916635158121 -2.814318853191878 -16.692299765382234
-1.5951822763684869 -2.843424385310263 -16.64628017840575
-1.5558637015448173 -2.8850413094684435 -16.568600121549505
-1.554069935775029 -2.926649741673715 -16.485034435446828
-1.5850207017710836 -2.9632539897625856 -16.40640221232456
-1.6495849621593195 -2.9883166723495598 -16.345740663420383

/group/left_iliac_branch1/73
73
posId 73
-1.811313062450294 -3.049473237492826 -16.310768229192877
-1.9098495333822687 -3.0280457603169593 -16.336177205946402
-1.9818333797481804 -2.9903710259353087 -16.4023898719306
-2.0148129077992807 -2.9463446327319947 -16.490641940447148
-2.006738791591997 -2.9037424353435473 -16.58454354387471
-1.9534509093625416 -2.8713529752998332 -16.66596244364887
-1.8694097401736036 -2.855473673273701 -16.718196571720046
-1.773553 -2.8545754068368865 -16.740527042548333
-1.6765376629006652 -2.87002016436746 -16.727740209077588
-1.5952629141403394 -2.90095441273088 -16.678088871305143
-1.5490391997101132 -2.9419085052083416 -16.59930154179718
-1.5390787861327588 -2.984487415184632 -16.509285903610078
-1.5656708995989763 -3.0239708108856123 -16.418194494227794
-1.6378941015251387 -3.0496647078674326 -16.347236577402537

/group/left_iliac_branch1/74
74
posId 74
-1.8154116126143098 -3.0923293317094127 -16.34058880659734
-1.90889773737741 -3.070465909498175 -16.36621972131803
-1.978404798574947 -3.035389525081718 -16.429185341764622
-2.0081987642695567 -2.9951644193538787 -16.514942773651114
-2.0002734746908026 -2.95735572796161 -16.605301403415996
-1.9520203521443726 -2.928585057534642 -16.685521162208392
-1.8723646140959733 -2.9149888861037097 -16.73886300060492
-1.779233 -2.916229424158299 -16.7612488697202
-1.6845051445066919 -2.9320614735015744 -16.750026157275975
-1.606003152786351 -2.962442411553493 -16.700456594810063
-1.5619860817092042 -3.0008869758262535 -16.622713930087592
-1.5549314920069641 -3.0394663778107263 -16.534623439979633
-1.5829805137896595 -3.0735295616070806 -16.447540577820313
-1.6500497010551896 -3.0956194777380577 -16.37779945098794

/group/left_iliac_branch1/75
75
posId 75
-1.8198535077703937 -3.1357407981558625 -16.374449402038714
-1.9085224727285655 -3.1152304789545444 -16.39665004686006
-1.9763413322879915 -3.082994991235217 -16.45538904460957
-2.0041190917001357 -3.0464038520335883 -16.53846665562829
-1.9959205013423942 -3.012980547945665 -16.625542580169725
-1.9494751040245062 -2.9886743593390483 -16.70236076041697
-1.873217466958559 -2.979136663963445 -16.751848499445014
-1.78603 -2.9819958632801535 -16.773696254927053
-1.6965792219854712 -2.997453299380055 -16.764507065099362
-1.6210729974645095 -3.025676521986865 -16.718455426263358
-1.5769165709755375 -3.060903280542495 -16.644280432231714
-1.5704791336393602 -3.095783295272534 -16.558407270819302
-1.599378107388259 -3.125178013233942 -16.47459717874576
-1.6646657246518843 -3.14243630782843 -16.409283388898352

/group/left_iliac_branch1/76
76
posId 76
-1.8304995365578531 -3.1926715184707293 -16.37710081667952
-1.926514256185115 -3.169916967482456 -16.401140945732
-1.99709908098249 -3.135491423442194 -16.467230364945443
-2.027700490327472 -3.098299913781189 -16.556798918862455
-2.0257515107478916 -3.0634541147405456 -16.652904195027226
-1.9796243917304737 -3.037275852320596 -16.742878686596626
-1.8928692955264559 -3.0291407408460027 -16.79966013811923
-1.793914 -3.0355364613579274 -16.821544052217497
-1.6934340341395822 -3.0535698878966184 -16.81219679883203
-1.609404431017384 -3.085147316822534 -16.759249724024656
-1.566265128565342 -3.122852865586984 -16.673264565618872
-1.5616716738462846 -3.158029907091114 -16.578856770749056
-1.5931311099180392 -3.186807017465494 -16.487609732381728
-1.6640162991067182 -3.2021829876419714 -16.41733476673877

/group/left_iliac_branch1/77
77
posId 77
-1.8348025830915224 -3.237269237313535 -16.42395109452799
-1.9192278922101276 -3.217207937088414 -16.44428759902611
-1.992378460706777 -3.1884686197000183 -16.495636255740852
-2.026981869761485 -3.1549809103563677 -16.579003205307256
-2.0172436835545517 -3.1257865924160844 -16.670229735974893
-1.9684161974118901 -3.106755299054978 -16.74944316065217
-1.8897390748358753 -3.102771396367293 -16.79784347710129
-1.802858 -3.111068886637664 -16.813584147818766
-1.717723537157938 -3.1281924595650854 -16.80230161367051
-1.6417676199238431 -3.153932152857074 -16.761165056017923
-1.5940789533147635 -3.1858147501639364 -16.688646927806378
-1.5840330657455926 -3.2170154335070293 -16.600657588111986
-1.6145954726980825 -3.2413192408256317 -16.514275637078025
-1.6860118326476425 -3.250224301206347 -16.45463544147391

/group/left_iliac_branch1/78
78
posId 78
-1.8432749731653661 -3.2918108025905926 -16.451569706696308
-1.9237063602472222 -3.272413951929821 -16.471239791892284
-1.9838264511196475 -3.245198624616892 -16.526951450734362
-2.010335828120694 -3.2170057900944653 -16.60373436389663
-2.00468144812526 -3.1925621460788207 -16.685574505795437
-1.9624995233764975 -3.1769898314737217 -16.758280539295622
-1.8916721768643454 -3.174835652845939 -16.80298774685686
-1.812834 -3.1832877154642305 -16.817762903417922
-1.735845862000895 -3.1995587618575976 -16.80633716680195
-1.66850913376538 -3.222728734385585 -16.767518356428806
-1.6260707992332386 -3.2501222018399325 -16.701805495472094
-1.6205944870773021 -3.275573042708432 -16.622651501440977
-1.6484530048106993 -3.2945341581761216 -16.546653588071734
-1.7074605361524375 -3.3025303387382334 -16.489408695194246

/group/left_iliac_branch1/79
79
posId 79
-1.8550247141388643 -3.3538251012729132 -16.464828221916303
-1.9338461395504452 -3.332827408246648 -16.49084782766073
-1.991736399521363 -3.3065797547326574 -16.547841815538582
-2.0130405135894294 -3.280943821242201 -16.624724004023864
-2.00412106963812 -3.2601445954549932 -16.702878634966243
-1.9670340545927563 -3.2462746399755256 -16.77374513310212
-1.901731935530606 -3.243735219347957 -16.821950471662745
-1.823812 -3.2515202338731672 -16.841624102761166
-1.7443745669632154 -3.2678359198554334 -16.83235946875629
-1.67692101168368 -3.291530757871702 -16.790056865858503
-1.6389436223939662 -3.317852780958404 -16.72081292002257
-1.6344400384835795 -3.341173941436458 -16.641915231125942
-1.6604462371934523 -3.3584809850156185 -16.565692950184726
-1.7163608856520567 -3.366333397505797 -16.504547772087196

/group/left_iliac_branch1/80
80
posId 80
-1.8626125739567903 -3.411856268049868 -16.509736563662646
-1.9314359373435348 -3.394114014883818 -16.53084002401585
-1.979575324958283 -3.372030705209459 -16.582274799362285
-1.9974903146137166 -3.3513549022708613 -16.648645714344408
-1.9911365905645233 -3.3346652998971194 -16.71618167174487
-1.961273657785159 -3.3233043379294473 -16.77928373485666
-1.9046337316630526 -3.321814472902498 -16.8229221404652
-1.835765 -3.3292873489600985 -16.840782814411735
-1.7657106098372068 -3.3441179463915143 -16.8315438323233
-1.7098022719087422 -3.3647968689421233 -16.79064427976771
-1.681637437595199 -3.3859553481783866 -16.729318275965632
-1.6787361022369924 -3.4039145367740797 -16.663176632982744
-1.699314434443957 -3.417191310972133 -16.599038698504902
-1.7460855417841192 -3.4224237289419017 -16.54783065482213

/group/left_iliac_branch1/81
81
posId 81
-1.8799248038688146 -3.4868982947514167 -16.499638960521715
-1.962358085516924 -3.4668377319310486 -16.521007414547707
-2.019710317698279 -3.441500978457645 -16.582500892732437
-2.0389449465685248 -3.4185661695007314 -16.66227910106267
-2.028567639230508 -3.401122247879986 -16.741409508417153
-1.9911506802744932 -3.3905207511710374 -16.81245640414145
-1.926790260995982 -3.3900230526596813 -16.861985946175746
-1.848664 -3.398170914845623 -16.886249477337696
-1.765548750400745 -3.4147846294155793 -16.87950704752652
-1.6973130496899367 -3.438598669176206 -16.832283304884513
-1.664938719138013 -3.4626501280438537 -16.757625366545035
-1.6658771231918044 -3.481730210968446 -16.678755880864554
-1.6915493159444308 -3.495169706655124 -16.60474705463601
-1.7445778913138295 -3.5003491311407195 -16.544396569672998

/group/left_iliac_branch1/82
82
posId 82
-1.891310258495039 -3.556910243563199 -16.532179262036834
-1.9686292885435652 -3.5387789683225814 -16.550166143866047
-2.0247393499797055 -3.515868742994667 -16.6062632571647
-2.041775513148205 -3.49549332328339 -16.68252439114805
-2.0322354227484265 -3.480253001376003 -16.75744493143316
-1.9960194014747497 -3.471772521570921 -16.823933762618115
-1.9335114643113749 -3.4736694814048414 -16.865715860727313
-1.86248 -3.4821494416955345 -16.885281777993818
-1.7879737855336073 -3.4971185378608136 -16.878994801333775
-1.7258094320292359 -3.5178822550718984 -16.837229476580326
-1.6922966421469008 -3.5390050400959905 -16.77089011039076
-1.6894999830561175 -3.5562154375361863 -16.697172967522505
-1.712532273515613 -3.5681183155325047 -16.626157047832173
-1.7644808895428534 -3.571308666347047 -16.570393723554815

/group/left_iliac_branch1/83
83
posId 83
-1.9158205740336394 -3.646257755546896 -16.487463111217707
-2.020851518982717 -3.6224174679286536 -16.509722439559837
-2.0957978599864147 -3.592494662221769 -16.586750247057697
-2.1142634017538455 -3.5671854538584613 -16.690672472018253
-2.0952154598312074 -3.550028807179946 -16.788360556840235
-2.0485333401519785 -3.5404957479584263 -16.873793692101934
-1.972973402063861 -3.540837596163647 -16.937383457321975
-1.877185 -3.551771683897788 -16.968268302643253
-1.7761894700833294 -3.5727614145503335 -16.956025913910494
-1.6935488920957347 -3.6001710566590295 -16.89753999420476
-1.650240707864096 -3.627094479805132 -16.807412597986197
-1.6531426751353826 -3.647259000472019 -16.709414043892682
-1.6841862969048909 -3.6609241300528663 -16.617908570386888
-1.747468540148177 -3.6656749773463413 -16.54079679301834

/group/left_iliac_branch1/84
84
posId 84
-1.927023172570956 -3.723955611745908 -16.532038695106767
-2.016722394607597 -3.702649568811085 -16.557415835400878
-2.079918284727128 -3.6777756340728267 -16.625187633739593
-2.103860920708445 -3.6560576923330874 -16.7130536520019
-2.0932572477640305 -3.640417209421976 -16.801911765296243
-2.0503684624198093 -3.632646913725028 -16.880616278942494
-1.9787584369491762 -3.6349887091322666 -16.93455268083123
-1.892751 -3.6461429064661948 -16.957137298127538
-1.8072238641459684 -3.6651759702815583 -16.939425460979226
-1.7381679799147505 -3.6877321844177153 -16.888760956036602
-1.695499559742502 -3.710125540553484 -16.814680226742464
-1.6909795620887147 -3.7279674592563596 -16.728579052166015
-1.7178036873919944 -3.739549587150877 -16.645349699509737
-1.77637462500355 -3.7423884301266943 -16.577185003623853

/group/left_iliac_branch1/85
85
posId 85
-1.9334715399749807 -3.8022157041461924 -16.612149634370482
-1.9966470685326843 -3.787318008051975 -16.631084061072578
-2.043027676378336 -3.7702516563843 -16.677938846957893
-2.0620721880955584 -3.7551624415590132 -16.740629337003654
-2.0563374622084263 -3.7441062379085723 -16.80562642235572
-2.0246841177470625 -3.739078728906335 -16.86330320639737
-1.9703896911738938 -3.7422361691570227 -16.898893135701744
-1.909149 -3.7506086540992722 -16.913168971583175
-1.8488257204457363 -3.7637694349234163 -16.90081179778221
-1.799278980175687 -3.7792295849426316 -16.86565828707738
-1.7663474655336238 -3.794823607703915 -16.81369862612031
-1.7607008961117905 -3.807503529745074 -16.75099047303953
-1.7817604093017099 -3.8149679337323605 -16.69046808862652
-1.8256091705824922 -3.815973609159732 -16.642607893806776

/group/left_iliac_branch1/86
86
posId 86
-1.9590409263129895 -3.9046436606914243 -16.57629658550719
-2.0418461856617656 -3.8848220324159466 -16.605215559436065
-2.102655005281254 -3.863032929196798 -16.667550676258216
-2.129823149940734 -3.843700898786241 -16.749932579436287
-2.126190865136566 -3.828917843236258 -16.83760356866192
-2.0848423713346946 -3.822246557384233 -16.91731075864969
-2.0110865869625445 -3.826513217632601 -16.96762857746051
-1.926349 -3.8383033789301324 -16.986298760875997
-1.8428754341673224 -3.856030828078146 -16.96995476112378
-1.7742821137513078 -3.87682742806374 -16.921128698876586
-1.73260424775275 -3.897160615024391 -16.847726330686495
-1.7290167583533445 -3.9127209985319116 -16.76293711560563
-1.7545868364423978 -3.922596079057252 -16.68097637008513
-1.8118717691798136 -3.924236440757599 -16.613744946579562

/group/left_iliac_branch1/87
87
posId 87
-1.9757651812643604 -4.0030032680375935 -16.600800890227543
-2.0572357135686317 -3.9843535641809735 -16.626435559003585
-2.117020254755519 -3.9635849494214486 -16.687407209303647
-2.1413788238765425 -3.9456469882788454 -16.768652950248118
-2.134361160649533 -3.9327561316457396 -16.852736218728865
-2.0938955056501873 -3.9272961724212427 -16.92763910110822
-2.024338152199878 -3.931534733298849 -16.975299210412093
-1.944221 -3.942367490620563 -16.994774677311376
-1.86407317180631 -3.9589636915554216 -16.979976890886828
-1.7991041911703427 -3.978439477601399 -16.932133233016295
-1.7598100450523686 -3.9971754815393523 -16.861788317368003
-1.7579347211835508 -4.011052035872917 -16.78115688682322
-1.785295967161967 -4.018916272417073 -16.705675258610025
-1.837336401303984 -4.0204427135049 -16.64205642688939

/group/left_iliac_branch1/88
88
posId 88
-1.993432339939713 -4.10548004835154 -16.621721671677218
-2.073172258284533 -4.08743716119495 -16.64724475280822
-2.1306622766715937 -4.067621366767744 -16.70777601206748
-2.1540759289297915 -4.050735360613243 -16.78698717360007
-2.14683814659361 -4.038805833456836 -16.86863556470405
-2.1072033173172833 -4.034044057302555 -16.940921777826457
-2.0407805798678775 -4.037909785514187 -16.988752266883008
-1.962494 -4.048323208563148 -17.008876502537692
-1.8835405172074382 -4.064420447682495 -16.99454510584664
-1.8194750354753753 -4.083228941137499 -16.947351145090003
-1.7824435170164112 -4.1010021839189825 -16.8773600692218
-1.7819868314267961 -4.113789106868314 -16.798717550068904
-1.807856300849315 -4.121158181653794 -16.725165615455012
-1.8583486233000963 -4.1223791454991625 -16.663063757370647

/group/left_iliac_branch1/89
89
posId 89
-2.0091443828358435 -4.208026790865421 -16.655504885807865
-2.0816393483994013 -4.191724191338886 -16.679416374898203
-2.1326265517990133 -4.1741219261758244 -16.735491831860102
-2.1522784955391523 -4.159496207431094 -16.807270861981312
-2.1456075716639207 -4.149237516544375 -16.880299587668024
-2.1117145576975647 -4.144813338366878 -16.946186658018494
-2.052928488416003 -4.147818242809464 -16.992147981818878
-1.980889 -4.157313606139403 -17.01128179497417
-1.9078246499944467 -4.172014784722136 -16.998247017250222
-1.8472642670767108 -4.189172404397953 -16.95563159023269
-1.8133057472332579 -4.205324747258413 -16.889949769191247
-1.8116592038188029 -4.217079610032143 -16.816571976858867
-1.8341856070985432 -4.224119422684697 -16.746554982963918
-1.882433615424196 -4.2248829957301455 -16.688169493400636

/group/left_iliac_branch1/90
90
posId 90
-2.0260721953701215 -4.311744225411203 -16.6800366157731
-2.0946750968199472 -4.296324517238834 -16.703736234899527
-2.1421075151235267 -4.279971822625226 -16.75759162524172
-2.1602035129467816 -4.26656213310249 -16.825347844132786
-2.152398843243146 -4.257541237117545 -16.893589439125986
-2.1208987161443003 -4.25365051118053 -16.954934228377677
-2.0673462107027825 -4.255996578365287 -17.00023305887298
-1.999126 -4.2648420275762735 -17.019380818385738
-1.9292211562255104 -4.278692963499066 -17.007485951055518
-1.8695936560986306 -4.294939568201546 -16.96816176722443
-1.8381075611091342 -4.31011610955066 -16.903961786763432
-1.8379350698392922 -4.320837082096129 -16.83357620090437
-1.8593289855170476 -4.327289193253816 -16.76683197970747
-1.9045642896148527 -4.328112844202659 -16.71009951624883

/group/left_iliac_branch1/91
91
posId 91
-2.0443088711339366 -4.415016394445146 -16.69274345205797
-2.1141935838278596 -4.399496948524685 -16.71663580389053
-2.163632575748423 -4.383002726676045 -16.770764607007415
-2.1826794597068857 -4.369442788376911 -16.840253063401217
-2.175843337887417 -4.360158400665497 -16.910830594160025
-2.144696249518346 -4.355883098386788 -16.97572704535579
-2.087818633084214 -4.358816726064548 -17.021736429890517
-2.016924 -4.368354038918113 -17.0393907996908
-1.9453197157766906 -4.382487202565304 -17.026845218043686
-1.8869544864838768 -4.398831246134041 -16.984058273918432
-1.856533049242447 -4.413653694041591 -16.91920916677071
-1.8554293061653389 -4.424249806539282 -16.84896465461075
-1.8768593566651728 -4.430485409442846 -16.78207976130334
-1.9230238410368494 -4.430804931990489 -16.726508002363055

/group/left_iliac_branch1/92
92
posId 92
-2.063037514356085 -4.515559882084144 -16.696856190549553
-2.1369298538943386 -4.499224480029788 -16.72255103946106
-2.1949991588907887 -4.481550847408795 -16.776111568923906
-2.2175518564432757 -4.466682090366477 -16.852142419635005
-2.2078058825201508 -4.457102265326364 -16.929715403059372
-2.171570072022084 -4.45326783940839 -16.99884087981057
-2.1106644117969595 -4.456381103862291 -17.049080437021484
-2.034004 -4.466860265105327 -17.067050624249692
-1.9565665239128722 -4.4818911581619805 -17.054530902740293
-1.8925547587781608 -4.499414361793906 -17.00900583535097
-1.858802105306434 -4.51538038856116 -16.938592861072
-1.8573466406298955 -4.526758017309293 -16.861806124194107
-1.8826083849413018 -4.532892474107922 -16.789734004465483
-1.9343948361697194 -4.532349199332715 -16.732501012818712

/group/left_iliac_branch1/93
93
posId 93
-2.078280477320366 -4.608842316285564 -16.715716365360414
-2.148994792477429 -4.59303709356606 -16.742325765919006
-2.2031369057897408 -4.57635465448341 -16.794928782199484
-2.223176395690118 -4.562637003201414 -16.86746480212536
-2.2132210858811328 -4.5539591308020455 -16.940422542141697
-2.180608013050006 -4.55011149973259 -17.006500180364007
-2.1244510021280796 -4.552379604035308 -17.05771405647015
-2.050086 -4.562125589881741 -17.078098871659446
-1.9737228273975338 -4.576871125154734 -17.06570120824737
-1.9122098937143308 -4.59392395477328 -17.019308800050727
-1.8839449975684694 -4.608705187401393 -16.94912887878979
-1.8852864769304487 -4.6187871223733 -16.876596505302587
-1.9084560401444035 -4.624440010106859 -16.80911417022568
-1.95561902243714 -4.624303462646913 -16.753662398890736

/group/left_iliac_branch1/94
94
posId 94
-2.0946193327655336 -4.696727863563439 -16.718208317843725
-2.168421371946173 -4.680131599839312 -16.747490499296568
-2.22458178339803 -4.662870783816663 -16.802928916445453
-2.246606672188632 -4.648586735141089 -16.87846433916373
-2.237406401854243 -4.6393951716782 -16.955421314417034
-2.202800042470746 -4.635511393287442 -17.025200170445956
-2.1426198755581654 -4.638409458526812 -17.077452403917125
-2.064889 -4.6486774017751396 -17.098236688603937
-1.9852809017648727 -4.663980272501287 -17.085255850124987
-1.921369543588817 -4.681599283351673 -17.03665512705792
-1.8898413954356996 -4.697055784084721 -16.964254130109776
-1.8889130108334204 -4.707928263048751 -16.88755037846271
-1.9139705205994386 -4.713722633020991 -16.815677329102165
-1.9645358393674164 -4.713342824871574 -16.757061027195387

/group/left_iliac_branch1/95
95
posId 95
-2.110032992059213 -4.776137345285243 -16.71522670190351
-2.190733459108344 -4.758498048365779 -16.744349949034728
-2.253998878711737 -4.739708558411249 -16.803253426945787
-2.2805491063183294 -4.723828557607508 -16.88610282834531
-2.273540973347804 -4.713096619311146 -16.972743622362977
-2.2339881800908095 -4.708950170934769 -17.051479034309263
-2.162807536681725 -4.713810679338973 -17.10357634925495
-2.078133 -4.725512097400656 -17.122509210514533
-1.9924878767973995 -4.7417558949593674 -17.10960665472106
-1.921409924209888 -4.760673477240091 -17.059368711410023
-1.8824776248682094 -4.777927888695195 -16.98173606208119
-1.8776508907795426 -4.790596217711285 -16.895553673109053
-1.9069950747852054 -4.796834256955274 -16.814150513672523
-1.9660013887943173 -4.7956623603948 -16.750188182555654

/group/left_iliac_branch1/96
96
posId 96
-2.120465335276936 -4.8426798020342465 -16.73063543788255
-2.1975445150504425 -4.825616371063396 -16.760692946765715
-2.2555060714355877 -4.807942595792333 -16.819005615435852
-2.2801339428397998 -4.793177920136275 -16.897283917627764
-2.2747712453991715 -4.782970045696027 -16.979223259637255
-2.239168589953607 -4.7786286077586615 -17.055475862062373
-2.1706172402676995 -4.78346233675269 -17.105007824217267
-2.089539 -4.794849001437896 -17.121781505649416
-2.0093886081526846 -4.810416304632322 -17.106572988433854
-1.9427520154966649 -4.828009805613277 -17.059631312765326
-1.9074270220256189 -4.843875703933122 -16.98652379116121
-1.9075946299080955 -4.854655827594664 -16.90681958149327
-1.9335969649604923 -4.860345080250119 -16.8325565007818
-1.985125188714417 -4.860020384841271 -16.770925345712385

/group/left_iliac_branch1/97
97
posId 97
-2.1299885679192294 -4.897692402370529 -16.73654920217913
-2.2075181619322684 -4.880572617763168 -16.767080934956606
-2.267381176686525 -4.862783672178577 -16.824791943870217
-2.294718437442916 -4.847591408582859 -16.90394487387447
-2.2887028087365326 -4.8373447551936914 -16.988033318646632
-2.251579725586818 -4.833191890056306 -17.06566193008485
-2.18216376083016 -4.837926175348688 -17.117454529770107
-2.098826 -4.849746712237008 -17.133796984952966
-2.017066393236906 -4.86565659265679 -17.1176133694414
-1.948959494511818 -4.88350380667679 -17.069817660033852
-1.911606691379891 -4.899723108561629 -16.995568360633253
-1.9108336033722229 -4.9108394888260705 -16.913507148101544
-1.9382961682891218 -4.916448086477096 -16.837134363859576
-1.9923015798229364 -4.915670188130924 -16.775138789510734

/group/left_iliac_branch1/98
98
posId 98
-2.1376478385693236 -4.9389344760283596 -16.73708207655606
-2.2189682867851888 -4.9215331766005965 -16.765506962299312
-2.278628235220784 -4.903330723969078 -16.827441997287853
-2.302565374675818 -4.8884822644527555 -16.909311177381735
-2.2968170727553057 -4.878252391315397 -16.99390522297958
-2.2568887220350446 -4.874901522553465 -17.069839159767785
-2.1880608896329092 -4.879702575943183 -17.120800082403466
-2.105714 -4.890867791107577 -17.14080273572166
-2.0247217448796313 -4.907024684752714 -17.1213658995788
-1.9603528582561898 -4.9244591831904145 -17.071203160336818
-1.9225437244294927 -4.940265957017154 -16.999675398501584
-1.9181706098960973 -4.951679830415229 -16.918963200274874
-1.942749851029365 -4.957866896078767 -16.84105172616317
-1.995739730426871 -4.957670304369878 -16.775370014398582

/group/left_iliac_branch1/99
99
posId 99
-2.1425002497512775 -4.970736592673264 -16.745317966903457
-2.2240593009462946 -4.953843069128491 -16.770410568496374
-2.287445017587182 -4.935556670176851 -16.82961161377954
-2.3139594708450355 -4.920323027413492 -16.912759957386562
-2.3056376956750047 -4.910479852832538 -16.999241201138382
-2.263513256631965 -4.907651622137535 -17.07522014874755
-2.193209374968094 -4.913007685013299 -17.124459008142253
-2.11119 -4.924766349660858 -17.139486762544575
-2.0313837532778702 -4.940246703153127 -17.123017128188916
-1.9631286607169356 -4.957518568627821 -17.07789202783857
-1.9211449337927626 -4.973859897104147 -17.006123194225168
-1.9161081023923017 -4.985590502374741 -16.92230292068433
-1.9432014577144254 -4.991469192179301 -16.842184190827982
-2.001396268652053 -4.98983860886216 -16.779849105390166

