/group/right_iliac_branch1/0
0
posId 0
2.833935220753646 -1.809476909393443 -13.42314346619902
2.675762506557706 -1.7842556615546863 -13.544564795101254
2.5668750093905643 -1.6756766655735746 -13.669891049873243
2.5185309125079347 -1.5205204365829565 -13.774471320350976
2.5288489882891385 -1.3438528961169598 -13.848142833308763
2.602871179220264 -1.167028541629295 -13.877631645022165
2.736355733910217 -1.0282115476094214 -13.848421323612984
2.89681 -0.9419201268901645 -13.776440881403817
3.0653023763575353 -0.9227172592851678 -13.66817815275818
3.2048271796049455 -0.9955804854852838 -13.537911327982231
3.2685065085877096 -1.1482340020889166 -13.423823051165092
3.272480398828582 -1.321971428758413 -13.341563845727844
3.224911060930764 -1.501478321132143 -13.292471093266597
3.1119991753828167 -1.6600491648726747 -13.29835089115852

/group/right_iliac_branch1/1
1
posId 1
2.8361401567198095 -1.8134026063443809 -13.43347497180601
2.677577351307645 -1.7859899720314139 -13.553908494678431
2.5684213118927612 -1.6752453607498214 -13.677087667911008
2.51995798706588 -1.5183572674822543 -13.778994571934609
2.530301509655347 -1.3405482646939164 -13.849862653761488
2.604506256766498 -1.1633907314019192 -13.876779978861773
2.7383200158489474 -1.0252698492525203 -13.84582831145187
2.89917 -0.9403955620548532 -13.773050574424209
3.068077918294411 -0.9231952073488641 -13.665099144934791
3.2079468226117753 -0.998356055095414 -13.5365177345126
3.2717831998377687 -1.1529182552865007 -13.42511901432168
3.275766890629166 -1.3279576294025868 -13.345668716337268
3.2280802355254705 -1.5081531285011665 -13.29928795593574
3.1148898826389337 -1.6664315428665981 -13.307302526953107

/group/right_iliac_branch1/2
2
posId 2
2.842985726563783 -1.8181256327347137 -13.451805515182544
2.687721117343911 -1.7827508889957846 -13.570859831914463
2.5725505977142182 -1.6787742015066283 -13.691601869965945
2.5138564041034828 -1.5230062507389335 -13.796013864283655
2.5156131274763753 -1.3376586771622676 -13.872159425302495
2.5912929590950218 -1.1483882923999156 -13.900285019922741
2.7371368525383746 -1.0085914619119343 -13.860639160102942
2.905902 -0.9389212584223829 -13.776340055960135
3.074733635924502 -0.927849315638116 -13.667549537302458
3.2182064581082077 -1.0009325279873367 -13.54068445537067
3.2848715523959893 -1.1577302247117824 -13.430488548004496
3.2944352635982446 -1.3361681136672667 -13.349621354606663
3.2533311693248845 -1.5258794119419832 -13.29808617738959
3.135540619773232 -1.6947061083984507 -13.306776661269325

/group/right_iliac_branch1/3
3
posId 3
2.8517339803097896 -1.8388275837324937 -13.472730258764342
2.69245906295896 -1.79886519559465 -13.593394303069713
2.573604977753904 -1.6903478494183206 -13.71445982814918
2.5131935434999195 -1.5284593994445648 -13.81807059139515
2.5161338156852175 -1.337021980049747 -13.891602011684784
2.5930272237336376 -1.1425738641796919 -13.917609341725493
2.7423318530622045 -0.9990242206972386 -13.875856228475724
2.916484 -0.9302323403539199 -13.78826585229549
3.090874809623886 -0.9201210097258803 -13.677385339457985
3.240603567410006 -0.9964087710535621 -13.548688975987549
3.30821321048961 -1.1618383369487446 -13.438940972208085
3.3155526892398686 -1.3475169832981393 -13.36090876638403
3.2721283716231655 -1.542116627934346 -13.312796502314932
3.1521296299404287 -1.7147692419939238 -13.323773689433983

/group/right_iliac_branch1/4
4
posId 4
2.865698860375257 -1.8476780590172168 -13.504380496764567
2.706691714465154 -1.8047160774363726 -13.62271070336657
2.5868545304711645 -1.69493619399716 -13.740465547585643
2.5259827064950264 -1.5311038683120755 -13.840175536503859
2.526444722955771 -1.337983441375508 -13.91117208207017
2.6020065975450626 -1.1406265325865999 -13.935335558390085
2.7546572979717245 -0.9990552414440181 -13.88922583914422
2.930391 -0.9365594023007405 -13.799048311025405
3.1039011282861364 -0.9312997988841111 -13.689173827502152
3.252395260712069 -1.0105639491534757 -13.564216910261518
3.321108530949795 -1.1759578127362862 -13.458877138048214
3.330010883138266 -1.362051898578098 -13.38443977125577
3.286588733673759 -1.5571526324652176 -13.340397211558392
3.1666876445421956 -1.729326412955814 -13.35410437875299

/group/right_iliac_branch1/5
5
posId 5
2.882137429120641 -1.8598753651057751 -13.541435269891188
2.72246313092036 -1.8136870771180733 -13.657632503826767
2.6021231415254404 -1.700803307703045 -13.771887924824838
2.540995915337404 -1.5344555994382214 -13.867178871809283
2.5414598702980706 -1.3396659088309522 -13.933458192209903
2.6173387826996812 -1.1419504757804946 -13.953312336838694
2.770629965438028 -1.0018884745115348 -13.904781822730603
2.947101 -0.9420030049660308 -13.81427351155493
3.1213391312874648 -0.9398110593478867 -13.705452106281033
3.270456306155666 -1.0224282190503007 -13.583443886656879
3.3394578792576586 -1.1904917311051977 -13.482614726206643
3.3483975833815824 -1.378362073578551 -13.41278661543034
3.304793245963862 -1.5743784263023433 -13.373217118179484
3.1843890833021673 -1.74589638390047 -13.390316116680046

/group/right_iliac_branch1/6
6
posId 6
2.8947167678188928 -1.9164055509902598 -13.57431470549089
2.716631251951882 -1.866939943215193 -13.698670013164762
2.5874108942248175 -1.7346342128609762 -13.818948567117534
2.5209266434304083 -1.5497861303531928 -13.917223367190243
2.5190383726850714 -1.3350219407368082 -13.98530563578988
2.6102093285344568 -1.1238389988530497 -13.99534473353798
2.7786518139276035 -0.9820885944861503 -13.936477175943415
2.966092 -0.9158495130670874 -13.842456489240563
3.1533743632951956 -0.9173611129886569 -13.72741914215078
3.3205771738530587 -1.0017556814281028 -13.598836171238036
3.4080845294142916 -1.1822219339509739 -13.489066415742725
3.4057217457476288 -1.3952154561456427 -13.424136440367667
3.344869672181854 -1.603085573792394 -13.396582743729216
3.218542381326641 -1.7847355048802795 -13.417253237922091

/group/right_iliac_branch1/7
7
posId 7
2.924681330136992 -1.8608883161068326 -13.637181285335236
2.7703099081732345 -1.8130511364342765 -13.742012066033714
2.6654044140260043 -1.6892668108439846 -13.838659251002275
2.6170085803915577 -1.5281871116694097 -13.912187946124916
2.619472997591364 -1.3498459484605054 -13.960370545810298
2.689121555541729 -1.1729957995607367 -13.968309904640597
2.8252313402274556 -1.045996056935137 -13.922973122129966
2.986841 -0.9845398996113045 -13.844274566552624
3.1503392136088335 -0.9915923379346802 -13.745386186131416
3.285532451769466 -1.0807119493724018 -13.640433147208007
3.349101120369146 -1.2398033454179924 -13.55846314026863
3.3527255173291404 -1.4149170572426972 -13.50756936376506
3.3084743512060952 -1.5909163140742117 -13.484810743771039
3.2017850678812834 -1.74430242024122 -13.505361438815717

/group/right_iliac_branch1/8
8
posId 8
2.940978493293648 -1.9110847165043074 -13.683498288098933
2.7762933235204312 -1.847944672814432 -13.792915071086792
2.66136405179507 -1.7139705282173845 -13.890981808075619
2.601037737938516 -1.5404651700819663 -13.96736909686347
2.597847415786511 -1.3421966633247189 -14.01706289924298
2.6747852737241433 -1.1448396191114831 -14.020716708482265
2.8280954844261275 -1.006900608079712 -13.966352544702852
3.008824 -0.9426898098628378 -13.87850892910488
3.1889338801475033 -0.961341308581568 -13.771012996056449
3.3292133525600978 -1.0727271918389991 -13.663903835046643
3.3971081319819927 -1.245505696760391 -13.583364138126642
3.407391179096188 -1.4338815857756106 -13.532002931886451
3.3663526117478133 -1.6290356939464137 -13.508352597781386
3.2520948308413447 -1.8039682892826892 -13.531453654327983

/group/right_iliac_branch1/9
9
posId 9
2.95899406539506 -1.9522984732058979 -13.738457933312862
2.782964688812707 -1.8803012690410361 -13.84940762490678
2.6569927856639297 -1.7363850177335742 -13.947305013131604
2.5881949823455823 -1.5485082514792459 -14.022649607288278
2.5875312540736006 -1.3332905001503046 -14.066103459253107
2.674932777328438 -1.125652816810249 -14.059744558604814
2.83923809641988 -0.9838618461396433 -13.998027996159777
3.031519 -0.9195274346014081 -13.905461604295068
3.224008155529997 -0.9427325700215978 -13.795254259955657
3.3767113395095865 -1.0626510052420624 -13.687502126950633
3.454195334303437 -1.2489244498273595 -13.60771502251264
3.466894885227179 -1.4545482985017393 -13.559581553485858
3.4199256665437137 -1.665554785668748 -13.543092835713328
3.293479650474368 -1.8490190797029653 -13.57570367084534

/group/right_iliac_branch1/10
10
posId 10
2.984734001113755 -1.937200035652111 -13.805162485446257
2.8148065610696387 -1.8650106431501081 -13.904987543679772
2.693921247932457 -1.722721522273793 -13.989997283528217
2.6318995862642955 -1.539325484272076 -14.050602105292608
2.630121255126345 -1.3341131539008313 -14.08311286913966
2.710549616243039 -1.1353812516270456 -14.071708141402661
2.868813353853161 -1.0026509821350857 -14.009509721130577
3.054403 -0.9479713296767646 -13.921033045745158
3.238474565396276 -0.9773537949206298 -13.820411697735716
3.383322189539818 -1.0970874734984255 -13.726363108594304
3.4578644616137604 -1.2760979600590565 -13.659896515316312
3.469578314961782 -1.4724729987856011 -13.623558719029289
3.423782889191827 -1.6716538169610933 -13.616813330733438
3.304575705314726 -1.844389073138668 -13.65246445904889

/group/right_iliac_branch1/11
11
posId 11
3.0154540278928206 -1.8814873563809367 -13.875544768224724
2.862692675244327 -1.8184811212613925 -13.957141190084375
2.740127626639453 -1.699417408676061 -14.0295615736922
2.680522920198806 -1.5273971469381615 -14.076361979986105
2.7010402124091955 -1.3418429961264458 -14.085093077558406
2.7828816204275704 -1.1782269359711803 -14.061408809577932
2.916312613428707 -1.06446259890575 -14.007268448609112
3.076952 -1.010178643801093 -13.933697291620227
3.2479333159969808 -1.0228404225839547 -13.848240799473496
3.3874014033210846 -1.1324799352689985 -13.768455748684262
3.4536812099146 -1.3043518828489478 -13.718384345045965
3.4529942857557536 -1.4861380219185611 -13.700273468003864
3.405557673504088 -1.6607900477983368 -13.705900769190547
3.2956405965945144 -1.8045046633298667 -13.745426008099502

/group/right_iliac_branch1/12
12
posId 12
3.035478757242943 -1.8911804773431364 -13.945309785132903
2.8702387268534393 -1.836315485516048 -14.023325431996902
2.738847632678569 -1.7070143712501826 -14.088931353954921
2.683552133904687 -1.5214244025104988 -14.1220096609356
2.7051755965401805 -1.329385004234454 -14.120105344108643
2.7882140025654762 -1.159602304516476 -14.089127120998894
2.9302901840177276 -1.0476302743199677 -14.028682287975698
3.098645 -1.004258802090824 -13.953334355815963
3.2745530757183903 -1.0227910040792525 -13.871944221736152
3.424201873964111 -1.1329508662581835 -13.798768852285074
3.493383763868457 -1.31393356140121 -13.759518562744656
3.498813958770008 -1.5036543596522056 -13.749121012225777
3.448099298121053 -1.6863459444965134 -13.764747328476247
3.3260657391661383 -1.8259813561741822 -13.814853543581528

/group/right_iliac_branch1/13
13
posId 13
3.053396462768748 -1.9001485694876779 -14.020384447422252
2.8792192882664915 -1.843155426368102 -14.09184162663111
2.75001828055326 -1.6993024816832267 -14.142086221500842
2.699990493593362 -1.5089892269944658 -14.157882617470746
2.7179395434069797 -1.3171672137458916 -14.14514555642342
2.8010279990627196 -1.1475751994333985 -14.105709565898907
2.9472888087120555 -1.0406666257642014 -14.041498660194017
3.118959 -1.0034722981039461 -13.96853226321461
3.298293790045355 -1.0263737809636484 -13.893986660324899
3.4535103933720555 -1.1392650236031079 -13.831996104738494
3.5218319241451117 -1.3257155624452204 -13.808426908680627
3.5210428983457094 -1.5158572440171867 -13.813925684855564
3.467415509566464 -1.693519316175824 -13.84123243190598
3.347682200961621 -1.8304000696505134 -13.895138996752758

/group/right_iliac_branch1/14
14
posId 14
3.070884376768968 -1.8919776427624504 -14.099192350311194
2.904226556344725 -1.8147600137103934 -14.153163417777169
2.774199859967938 -1.6770203214277113 -14.18695285079919
2.704171933671515 -1.4944466733505735 -14.193515024353408
2.7148530747451907 -1.2980571809974484 -14.168442697039273
2.8131900214344117 -1.1361199246155302 -14.11432218783468
2.9706215197529424 -1.053393558945249 -14.046628205845282
3.137369 -1.0123175536330882 -13.97992503765109
3.3147161229640667 -1.0422841602191215 -13.916888336131182
3.4739598786097794 -1.1508152704820591 -13.869048469331373
3.5486843145980433 -1.3346830120457074 -13.86087068633139
3.554091992153432 -1.525775997541908 -13.879363962147428
3.506903759426627 -1.710311820029637 -13.916802185026905
3.381307386256126 -1.8510218859403431 -13.978827605063469

/group/right_iliac_branch1/15
15
posId 15
3.0865586572781605 -1.8735041981619451 -14.177719407133836
2.912831148876806 -1.8036063181318744 -14.220532057327036
2.779448292586321 -1.6621107297690088 -14.236377258579886
2.7227343442446585 -1.4766814827322818 -14.218832907302517
2.729091999587579 -1.2856794525282575 -14.179746244531906
2.808638950618168 -1.1114311008733013 -14.120162615981792
2.9707967196853304 -1.0173846155922441 -14.049324309992247
3.15341 -1.0051372482780123 -13.987705745371985
3.3323603108201465 -1.047607673169985 -13.937882109281423
3.4906440075568166 -1.159551833756194 -13.908230138912952
3.574772111956277 -1.3378504683176864 -13.9154984147991
3.5791542816077966 -1.52790066312397 -13.950916292756485
3.524448743391833 -1.705372749486638 -14.00306561069935
3.3986842012975944 -1.8403825701694736 -14.070037387300989

/group/right_iliac_branch1/16
16
posId 16
3.1134504549230115 -1.7675527021514772 -14.223314233351301
2.9711580692558837 -1.7154267526021953 -14.249197976250205
2.8711028691017275 -1.59744014848776 -14.245407144140884
2.831467017249979 -1.4540663500585282 -14.217776807674259
2.8306944658691915 -1.3074845475729269 -14.17836020371644
2.890610312189602 -1.171134450138417 -14.124659353588044
3.0180923282632834 -1.0936095409439093 -14.067880901633265
3.167132 -1.0831054065825805 -14.023167176439618
3.3099172830141974 -1.128040486831382 -13.995200641318833
3.4264869452382567 -1.2240709923118442 -13.988415019985359
3.493070568175724 -1.3575282042529653 -14.005792919353778
3.514491747169303 -1.5040028857292818 -14.039379208318968
3.4711530717712114 -1.6449410551819352 -14.089663156811032
3.36527929861728 -1.746620210600441 -14.14690161661875

/group/right_iliac_branch1/17
17
posId 17
3.127381160038651 -1.7314803791080406 -14.279601921953859
2.9937118480783327 -1.6782643493287825 -14.2943245591062
2.8917569251911535 -1.573370032224858 -14.283959986827634
2.8518980343660707 -1.438002236796129 -14.248220928302857
2.860093196740061 -1.3023740379771596 -14.200677191500109
2.917833750643609 -1.177863432226502 -14.144785995958694
3.03682477199389 -1.104245720141885 -14.09105023453493
3.17887 -1.0912114681424352 -14.052037671253208
3.3154215757019383 -1.1365138251907947 -14.033954738725383
3.4210540529311815 -1.2309180367019945 -14.039899901286278
3.4817853046160283 -1.3527550671188036 -14.06600577690345
3.503196883694869 -1.485578987863621 -14.105388663151064
3.4664139072748084 -1.6159191549679859 -14.158127312323693
3.3694250483050374 -1.7138659067340765 -14.214668154466343

/group/right_iliac_branch1/18
18
posId 18
3.137903883034946 -1.7056701440697355 -14.334822525005267
3.0074435065028826 -1.6512475543665757 -14.341457016398465
2.9080517925349443 -1.550515612610752 -14.323421288142224
2.8641433243935372 -1.4214613242216467 -14.28251334047715
2.8696425219038413 -1.2889625358285755 -14.229721378786392
2.9305419523170304 -1.1699617736443884 -14.170367202630953
3.0492237262273596 -1.1007511198242064 -14.11808113377769
3.188961 -1.091528229222072 -14.084672359215324
3.321782758885784 -1.1348860402749992 -14.073223426614646
3.4302620432864055 -1.2202351215936633 -14.083327317820721
3.495177382249155 -1.3378456452405718 -14.115294792039798
3.5125520079371846 -1.4680996378244833 -14.162331643557387
3.469319251058405 -1.5906938456458675 -14.219316208762752
3.3715698393613724 -1.6790975369703232 -14.274613122748733

/group/right_iliac_branch1/19
19
posId 19
3.1439838574231427 -1.6980116204468958 -14.39450477707603
3.006524083638698 -1.6421562775057317 -14.396520911432509
2.8992450055068257 -1.5395553175596812 -14.372651994469773
2.85039501419715 -1.405211160741803 -14.324003102674315
2.858372882477785 -1.2669110775784556 -14.26285899726412
2.9251320054003984 -1.1445016948692335 -14.197405859885642
3.050282957415434 -1.072537525335963 -14.142616134652881
3.197744 -1.059096073861831 -14.108823146357894
3.342354338786956 -1.0985491089085524 -14.098377364677
3.4622542285179514 -1.1881768036035687 -14.114256494379456
3.52796029446889 -1.3156947418489804 -14.156761831431053
3.546052569401145 -1.4533530928525535 -14.21267945997801
3.49898042332263 -1.5825579554070504 -14.277324680075369
3.3921041324988193 -1.673206978443459 -14.336700852564702

/group/right_iliac_branch1/20
20
posId 20
3.1567234385794927 -1.6465489553087596 -14.429848664157802
3.0312343593234425 -1.5976067874634927 -14.429119022574218
2.934813208803219 -1.5048307127732772 -14.403177397934105
2.891554710336937 -1.3846399762625945 -14.355394332550137
2.9011380221078396 -1.262080890142125 -14.297347947390216
2.9618561999398185 -1.154338689902951 -14.237240556466036
3.07325424087309 -1.08961851586974 -14.188126773978295
3.205554 -1.0747936154960198 -14.158338331325345
3.3360370927652414 -1.1106187012056528 -14.152166528496812
3.4433386199143188 -1.1908278516048856 -14.170437884751683
3.5026058267691718 -1.3037615292544393 -14.21210313594117
3.5210962139832946 -1.4263295739471 -14.265279817131846
3.480214997218464 -1.543047309700011 -14.326072494738249
3.3845116170072407 -1.6273557634613507 -14.381473036814095

/group/right_iliac_branch1/21
21
posId 21
3.168046072315917 -1.6010575618032885 -14.463400876140753
3.0496310068179437 -1.5614937724685753 -14.464103267635318
2.967270792117098 -1.4714541890891788 -14.434847438179817
2.9382380218018875 -1.3627339042325608 -14.387911686846557
2.946620135541885 -1.2563686707791546 -14.335927287049891
2.992306209948168 -1.156426925158319 -14.28084805149707
3.091043896959545 -1.0939758037680953 -14.234857395957953
3.21273 -1.0829982379896776 -14.20957105662133
3.3302930191673217 -1.1175664678686268 -14.206632558109156
3.4273593921265513 -1.1888766030103861 -14.224553232707715
3.4781371391618245 -1.2905593914381221 -14.264555599083582
3.4907125669494166 -1.398504186214247 -14.313835938537762
3.456318181036368 -1.501662389338601 -14.368583578866206
3.372884589435156 -1.5780980454803735 -14.418703884773338

/group/right_iliac_branch1/22
22
posId 22
3.186898290831143 -1.5125765976879204 -14.471226044851637
3.100110189741563 -1.4837833867593437 -14.471698148429251
3.0342154103621195 -1.4207095791320141 -14.452366060982724
3.0098002138207223 -1.338821510433471 -14.417244197499317
3.0205047138616625 -1.2590466341541837 -14.377374061574683
3.0627167525727863 -1.1912454326825 -14.338059046999415
3.1345268853508843 -1.149997533228766 -14.306578114946134
3.21961 -1.138241094849304 -14.287011593131801
3.3079728111565503 -1.1544730739106372 -14.280279764527688
3.3848529122507593 -1.2051358110078352 -14.291880989278708
3.423572265062409 -1.283421909390273 -14.32293670539157
3.426415422479901 -1.3650198956368498 -14.36145673673027
3.4014702763167155 -1.4421056187930368 -14.402376812529736
3.3396297738481757 -1.499777210978281 -14.440070179711636

/group/right_iliac_branch1/23
23
posId 23
3.189783839749353 -1.5170171566243316 -14.522707976064893
3.091795345956948 -1.4850154765359231 -14.524566249344907
3.021188869606796 -1.4115097590397196 -14.502410599701854
2.9960137977287515 -1.3201465707724491 -14.464166370490677
3.00445162682387 -1.230879663428449 -14.421148422024041
3.0455224428339505 -1.1496735555414488 -14.376302255953936
3.1280292554149254 -1.1012138927470776 -14.339618889940066
3.22653 -1.0939208567267722 -14.319372151663998
3.3228575012028725 -1.1183583867488458 -14.31427514538408
3.40256465184929 -1.1770347272555954 -14.327967452134404
3.44535226591631 -1.2606424292237404 -14.359586789479957
3.4517467584674795 -1.3493249451395375 -14.399795261156424
3.4269306890519595 -1.4352260378690094 -14.444047400270462
3.3591053949758525 -1.4995155485271043 -14.485591735631454

/group/right_iliac_branch1/24
24
posId 24
3.199155450432511 -1.488817990539619 -14.5543082936232
3.112701374173832 -1.4499884458794736 -14.553374981905586
3.0516782015173254 -1.3816662213090496 -14.53474715336819
3.0255349680361423 -1.2997713663072412 -14.503654802984078
3.0324955250626804 -1.2178868739760467 -14.466394548263654
3.0732612739915606 -1.1465404669278363 -14.427459220864526
3.146042387362688 -1.102324073977118 -14.394469466948385
3.233828 -1.0926437427963767 -14.373849714564466
3.320408962123927 -1.116757420206082 -14.368296385616608
3.388545804897883 -1.1729305962009418 -14.380262141169842
3.42294080238753 -1.2480985283095836 -14.406861526174657
3.4306862421571527 -1.3261455707038659 -14.439694386281008
3.4129696704624437 -1.4047126223819018 -14.477503213629728
3.3570056728917406 -1.4696455911910908 -14.516455687861708

/group/right_iliac_branch1/25
25
posId 25
3.2098540361335015 -1.459560849815559 -14.582242923454034
3.1292132030885824 -1.4240651166994684 -14.585085492500193
3.0703781366035092 -1.3602751526018813 -14.572086954649832
3.044141512419692 -1.2817317498416092 -14.546363329153726
3.04846023402699 -1.2017100635371991 -14.513624798311627
3.0873181890869335 -1.1316786504610237 -14.477595243674465
3.1586574211365193 -1.0912608387741631 -14.446513079724735
3.241842 -1.090482350704388 -14.428706707716822
3.319090298925697 -1.1152233237787974 -14.422299800396281
3.384228738141571 -1.163165670734536 -14.42766882067601
3.4258469437115235 -1.2316368062413796 -14.44615070958085
3.4362328396325235 -1.309630387593992 -14.474989612310589
3.41519677660223 -1.3863083552289983 -14.509914374563952
3.355211395535364 -1.4414525517127363 -14.544466114359096

/group/right_iliac_branch1/26
26
posId 26
3.2181368758803357 -1.4540597083922457 -14.616491216050925
3.133966006979956 -1.4189173673323083 -14.624946334273776
3.0744996864089433 -1.3501027002667798 -14.615913454472244
3.051121127568434 -1.2670045138850925 -14.593242342548917
3.0550261106540546 -1.183890304876959 -14.563938897069185
3.0897073749696586 -1.1068161063134323 -14.529220826920882
3.1615469699242604 -1.057863437079372 -14.495071261621682
3.250909 -1.0505504330059978 -14.47087134320723
3.3386259753839376 -1.0745241297544528 -14.457744657595498
3.409877766368346 -1.132474999358261 -14.460208721161086
3.4427930840150927 -1.2138381622639483 -14.479971546109642
3.44752199640554 -1.2960094565460056 -14.50685623322651
3.4258177015077447 -1.3752633757029955 -14.539165968844035
3.36778643623103 -1.4361760863590705 -14.57404189341599

/group/right_iliac_branch1/27
27
posId 27
3.2283976974156303 -1.4492064330879058 -14.645736733312704
3.1443954275166517 -1.412221399809242 -14.65966520316303
3.0863182267463682 -1.3407732330956135 -14.656950932834375
3.0624520603915837 -1.2559112898582094 -14.640902078492129
3.0672305669432647 -1.1708935810689511 -14.616668303571396
3.1060775245742005 -1.0961823134519226 -14.585522776987252
3.1749811030239936 -1.0465108186962953 -14.552570203704335
3.261366 -1.0338702316479422 -14.524611851778404
3.348712572170384 -1.0567821693234478 -14.505946086479142
3.421190630292946 -1.114689293569957 -14.500923099091832
3.455480410940764 -1.1985919776578335 -14.513750660277248
3.4584451901403037 -1.283906781370401 -14.535863138556914
3.439702087010376 -1.3680475137958954 -14.563830756767665
3.3818993947496887 -1.434566358340658 -14.598160653763951

/group/right_iliac_branch1/28
28
posId 28
3.2412723212773447 -1.4431608150805109 -14.669440383915562
3.157128911762327 -1.4098012291477051 -14.69155081446782
3.0939229293537105 -1.340302389619799 -14.700104321785094
3.0686395000585627 -1.2506480581383626 -14.692314325202153
3.074214008151636 -1.1602112999983245 -14.674056423056081
3.1105757605832727 -1.0768514316241105 -14.646778844411422
3.1845495289362784 -1.025714055923142 -14.612755665651502
3.273552 -1.0172525225904394 -14.58143877325314
3.3617897636232787 -1.0378666930384386 -14.555648013886945
3.4372281611892617 -1.0954008950450211 -14.54083243725616
3.4744940836091867 -1.1832190928695945 -14.544279880454779
3.4791808409910168 -1.2748579700145384 -14.559321919783637
3.4534946946681546 -1.3616226922143957 -14.58364424936136
3.389979034005848 -1.4234817433407327 -14.616111201898361

/group/right_iliac_branch1/29
29
posId 29
3.254204724054708 -1.4544825816051192 -14.691392579287761
3.1675632904912057 -1.4197622028010928 -14.722608604186156
3.103671336386477 -1.3466583493672724 -14.741846838083715
3.075911534124942 -1.2526899465476034 -14.74525335654206
3.077507838874536 -1.1544337657352928 -14.736805312845638
3.1167236035128547 -1.0632677906043198 -14.714167668384137
3.197593460381669 -1.0132008698240897 -14.678465453276647
3.287793 -1.002376642050193 -14.642228249993657
3.3780328902004078 -1.0187039230136634 -14.608136701134349
3.453560164903954 -1.0786763195356175 -14.583289821403168
3.4862523231063416 -1.1709159179466135 -14.5778112472701
3.4884143482642176 -1.2638553046039482 -14.584362045522965
3.4650368855943277 -1.353244229169792 -14.600646572440047
3.406921350707772 -1.4254024730275616 -14.629183380118885

/group/right_iliac_branch1/30
30
posId 30
3.26941181280072 -1.4677542543681108 -14.70921042273335
3.1806240856694226 -1.4334228183342277 -14.749641746510894
3.1096212118197197 -1.36313172563753 -14.783003686283958
3.075158065734306 -1.2636552717664613 -14.800767299818705
3.077833283278752 -1.1552791966780946 -14.802178103073501
3.121740716246506 -1.0547491015337234 -14.785007533998034
3.20772200975392 -0.995882125538229 -14.748067561891373
3.304158 -0.9815434880449722 -14.705393996019033
3.3984725255281827 -0.9989511343888914 -14.662903942156666
3.4782696164310574 -1.058872740704259 -14.625868251171484
3.520301443392105 -1.153885755937734 -14.604835656768724
3.5275484857725634 -1.2579772360756103 -14.599101692102282
3.4989868758943743 -1.3591614901309623 -14.609411086948553
3.4306237496250294 -1.4356064352469173 -14.638069577628823

/group/right_iliac_branch1/31
31
posId 31
3.2932094561772076 -1.4355877045939587 -14.726693371513932
3.215263788461605 -1.4160081915209228 -14.767728275823798
3.1560551054874635 -1.3558238536899914 -14.80468297822469
3.1313032260126814 -1.2704711737629721 -14.82781529262676
3.1364272053493 -1.1798449914310283 -14.836850428776465
3.1726080037466793 -1.0946964877631582 -14.829832148902998
3.2423447977781765 -1.040199843650756 -14.802311413732475
3.322422 -1.0231321036208618 -14.76490070093313
3.4002261180188564 -1.0359247906797708 -14.724802112046001
3.465476179835357 -1.083035192729358 -14.686529490630143
3.501900843380046 -1.1593119698332455 -14.658784797792288
3.50841777090496 -1.2462868601296793 -14.644460594406933
3.487577254118675 -1.3343962564020169 -14.643516829928823
3.429795627146466 -1.403046989299829 -14.663320283560843

/group/right_iliac_branch1/32
32
posId 32
3.3143088545314003 -1.434692124502935 -14.746547528129602
3.2404421307175513 -1.41851059253734 -14.789953655965617
3.186476963137809 -1.3628123529849065 -14.831808503759978
3.16176354211729 -1.2849305310441492 -14.863084067309451
3.1652519376903308 -1.1991475989856948 -14.881042296412643
3.202177136941375 -1.1186145277447999 -14.879831822890834
3.2674944377063135 -1.064375626963222 -14.857296512692793
3.342344 -1.041931421725626 -14.822292178892088
3.415723275136559 -1.0504672405979414 -14.780915351995276
3.474940740989312 -1.0937438063737306 -14.739111767041535
3.5074209546160997 -1.1627927477941966 -14.705707559687657
3.5135175434843506 -1.2420777053067455 -14.68410455924887
3.496048489160359 -1.3248374394798057 -14.674352629168292
3.4436945433917847 -1.3936403599284455 -14.686559889740352

/group/right_iliac_branch1/33
33
posId 33
3.334760088268049 -1.4496135416375024 -14.764737102818222
3.258020879283128 -1.4385092959735315 -14.81247920623402
3.2025778779972858 -1.3845499970800266 -14.862340365485977
3.17940169483225 -1.306210587481836 -14.9018456573993
3.1845962971978827 -1.2203036790682626 -14.927605650886553
3.222670533828013 -1.1387807659103222 -14.933035121621861
3.288424859366567 -1.0815562125185312 -14.914454800488334
3.363686 -1.051071170799765 -14.881474449428126
3.4402503958667663 -1.052250470042149 -14.83715304387264
3.502369673522406 -1.092698563025793 -14.787981732226577
3.534708379194057 -1.162482758688598 -14.746081834264437
3.5379672662258534 -1.2428521677053233 -14.71732444420294
3.5156474407293294 -1.3243031625805426 -14.702880342215089
3.464718425650591 -1.3952521998112528 -14.708363476253487

/group/right_iliac_branch1/34
34
posId 34
3.3564624544938266 -1.4652943377481573 -14.783088998000704
3.277515692328855 -1.458597313267709 -14.833741859030221
3.219377367789731 -1.4088498431029672 -14.890658914822952
3.196500632174027 -1.3310681008592091 -14.938531204668916
3.1985091571161486 -1.2446905416098848 -14.975123115572693
3.2341472566951928 -1.1566820927299761 -14.992100457551317
3.3060978950599025 -1.0951397560086977 -14.975543843370753
3.386206 -1.0614674873190169 -14.941857943617881
3.46736504545852 -1.0569097885382384 -14.894793808495203
3.5341489392798517 -1.093836477754863 -14.838262127737591
3.567378258635898 -1.1648400484706802 -14.787098608240608
3.5712560601498233 -1.2471985997979564 -14.748707587755232
3.549372828827131 -1.3331696000566238 -14.724307469855605
3.4949502353342172 -1.4104045976574953 -14.723400326524976

/group/right_iliac_branch1/35
35
posId 35
3.3825787159217264 -1.4595374100571077 -14.812401119248717
3.3114322373027782 -1.4559440179314453 -14.859103091116344
3.2556803080561054 -1.4182707211156598 -14.914540248928226
3.2301308295564506 -1.3521633971995206 -14.966345029748146
3.2305722114737647 -1.2735220850126254 -15.008573047844479
3.2651960520451437 -1.1915753907343074 -15.0310827271322
3.3333733786935578 -1.1316644089235939 -15.020572882796543
3.409664 -1.1000530982063956 -14.98966279687974
3.4850669700671713 -1.0937095666974228 -14.945653893327428
3.5478589726063077 -1.122700189155861 -14.890480671304706
3.5812544540847466 -1.1835012559037392 -14.836607842465508
3.5861819065159466 -1.2580541638636271 -14.793211964408249
3.5662481690820527 -1.3381844695032086 -14.762442193201437
3.5113819774271287 -1.4086354200040527 -14.758880860999767

/group/right_iliac_branch1/36
36
posId 36
3.3993365265045656 -1.5213806556602754 -14.811738982669162
3.3126028069263898 -1.5142775536138484 -14.872468460373803
3.250221540271711 -1.4672570065034112 -14.943092976359893
3.2231821361159407 -1.3920530397806727 -15.008952438688755
3.225554520870354 -1.3041221985165143 -15.063949325155047
3.2652266231372598 -1.211253704887633 -15.097968065451932
3.3433043429221443 -1.1384651901747265 -15.094208055151974
3.433821 -1.0957159071450113 -15.063080435809324
3.5250117639989167 -1.0835203710840036 -15.011872495043198
3.5951500618439156 -1.12015207769346 -14.94290432891052
3.626708128794836 -1.190382796262731 -14.877316329426323
3.6357337270476187 -1.2694006258253823 -14.820669316886507
3.623181045664689 -1.3608659124443874 -14.769992091169762
3.5606315201439505 -1.4493335535508136 -14.7536165989318

/group/right_iliac_branch1/37
37
posId 37
3.418361118631507 -1.5708500362509994 -14.813692900764842
3.317239604007383 -1.5673078210577227 -14.883030183754446
3.244962437929184 -1.5177751420620933 -14.967599427623194
3.212536435861658 -1.4365472254212697 -15.049492407134208
3.216040506873138 -1.3391824171431908 -15.119706323499091
3.2603580930935516 -1.2342100515118064 -15.168666769839088
3.351940182253516 -1.1495622993098873 -15.171312603090703
3.458437 -1.1024226261913759 -15.136181783825855
3.5622438052154695 -1.08848146308448 -15.078096340771653
3.6458734410718208 -1.120826785549279 -14.998841649893597
3.6865867060307163 -1.1943759180790867 -14.91720225151677
3.6972059994078155 -1.2825201161514204 -14.844540957719847
3.679754637516167 -1.3848562750731153 -14.77982347389596
3.6044169038796716 -1.4831359249500937 -14.756308886150025

/group/right_iliac_branch1/38
38
posId 38
3.4506191943458515 -1.5454579836527575 -14.868455369428247
3.3707274750555998 -1.5411317065142882 -14.925260149674818
3.3169087227552954 -1.5023124516214148 -14.993912159884754
3.2914578211640895 -1.4434136922554512 -15.060686978304911
3.288153935172133 -1.3720928974186488 -15.123242283578973
3.3186475451009496 -1.2891187087431644 -15.173177752917416
3.396007980256791 -1.2224019958589296 -15.178179246004555
3.483272 -1.1902603024793241 -15.147332677488029
3.5635215532542484 -1.1806752393000068 -15.10206279940444
3.6282177445830577 -1.2022929639865603 -15.040732540731655
3.6593911838077045 -1.2552045902015567 -14.975217931469931
3.667604546068814 -1.3191631912542698 -14.915627369718075
3.6573862779123343 -1.3947991772847916 -14.858415052728168
3.6004590945036954 -1.471796771496634 -14.831120939283817

/group/right_iliac_branch1/39
39
posId 39
3.4682066584211273 -1.6076904963148868 -14.864210678971682
3.367928353563301 -1.6091422439893892 -14.929444740744419
3.2990086601875466 -1.5667389638445377 -15.01538217242613
3.265237599350225 -1.498557680158365 -15.10238558550266
3.261846608919541 -1.413560525729447 -15.185134838005766
3.305153849012384 -1.3158855212351066 -15.24887181651214
3.401561091832735 -1.2377858401765938 -15.258798734765591
3.508085 -1.1972850178338548 -15.22639763534772
3.6066955164448538 -1.183800918803298 -15.173666662325283
3.688638636799619 -1.2044703368110563 -15.099661660186117
3.7307966877293866 -1.2637376749518905 -15.015529245618367
3.7415307300086416 -1.3395781886481135 -14.93657426325241
3.727067012174113 -1.429799416508424 -14.860737361974156
3.652798362169752 -1.520235513292618 -14.824421845872273

/group/right_iliac_branch1/40
40
posId 40
3.4901536483994375 -1.6456757035317107 -14.879898367922625
3.3820042675013378 -1.6507918712151044 -14.945556193581561
3.3071231916975545 -1.609754222764526 -15.037696797018842
3.272167315291373 -1.540517316201892 -15.133148652557349
3.2719057724658835 -1.4544715540587065 -15.223419568242662
3.3193372184697103 -1.3569674850555444 -15.294371531230828
3.4206596326466436 -1.2781061822265976 -15.310415647973182
3.532636 -1.233527497237213 -15.283566381375152
3.639239719830257 -1.2153881745031108 -15.232560141082294
3.7284506810846683 -1.2343741225374798 -15.154100493318458
3.773471010540054 -1.2945030613457205 -15.0615769572561
3.782976713675973 -1.3719459736853097 -14.974244083636922
3.7652172198903338 -1.462880578005828 -14.890687323104007
3.6859305320410813 -1.5541719006474783 -14.847158139917633

/group/right_iliac_branch1/41
41
posId 41
3.5179683846958123 -1.6554335521505577 -14.927324965203095
3.4192650112479916 -1.6609583347243515 -14.98438844812891
3.350756911735364 -1.6265350175365798 -15.067852715356002
3.3218207941947213 -1.566113840300455 -15.155703059161002
3.3230513628619804 -1.492959906467564 -15.238773817428342
3.3657368613762593 -1.4103992250346356 -15.30600176043219
3.454712285693958 -1.3409352784071744 -15.32848416682829
3.556686 -1.2978161004206656 -15.312417072557388
3.656861105247363 -1.2794419501504113 -15.269138372756412
3.7397093254312184 -1.2963513511432678 -15.196540835808655
3.7797931631391513 -1.349891516830855 -15.109418496768708
3.7869541905485447 -1.4176753897261822 -15.027113892415613
3.7668115439484695 -1.496038072625304 -14.950219178953816
3.6959488100573554 -1.5749152756785907 -14.905312008860632

/group/right_iliac_branch1/42
42
posId 42
3.549982443482342 -1.648943273402371 -15.002150510640588
3.4738598944042276 -1.6527427835524362 -15.04470408822982
3.424163604619585 -1.625563288914383 -15.109404052629394
3.4028362696842644 -1.5823573808417453 -15.176431591601766
3.4046997539671793 -1.5302910583401592 -15.24008324689968
3.4391781921748033 -1.4725318827322937 -15.290562486237132
3.5040295005742776 -1.42315132069915 -15.31174661671637
3.579994 -1.3903266056351842 -15.305420106133981
3.6542630879726365 -1.3800976721598932 -15.27202076704863
3.711567314785169 -1.3953497373955284 -15.217441759828466
3.7413180624989715 -1.4310224785025523 -15.154558927373749
3.748328013557005 -1.4767753068005938 -15.093254272152603
3.7353077443392326 -1.5309830438772178 -15.033867066688625
3.683963108068668 -1.5868197156172907 -14.996257169668372

/group/right_iliac_branch1/43
43
posId 43
3.5775745510290187 -1.665823670228517 -15.06231076481736
3.5146893120256344 -1.6688131431035402 -15.09561483065789
3.4652857225070806 -1.6532843947129696 -15.145770841155155
3.446242860118854 -1.6175153594132397 -15.205073831374353
3.4518989565709433 -1.573868932572138 -15.260292158016528
3.479980791392225 -1.5267603932303455 -15.306849327080574
3.536826777019988 -1.4869493923699433 -15.326544399996706
3.602321 -1.4610729305203582 -15.322407104533799
3.667070833118737 -1.4509588929325754 -15.297557943279644
3.719937462715609 -1.461155099733504 -15.252503379759487
3.7503301070536583 -1.4894819006828397 -15.196453117326671
3.755826667865243 -1.5292772870524374 -15.139785015856887
3.73575921108051 -1.5749537661572077 -15.090393987897437
3.6902248886551035 -1.619168387952319 -15.058076814675546

/group/right_iliac_branch1/44
44
posId 44
3.5999436445457023 -1.7059419915665806 -15.102504331312801
3.5416255484579287 -1.7065412163963447 -15.134655015265533
3.497452425016836 -1.691321249349878 -15.1815019324244
3.4749258548571444 -1.6618001976628227 -15.236620138659836
3.479917186505705 -1.6224699501483795 -15.290239649957606
3.5090773031929077 -1.580560745265368 -15.333879735615222
3.5609128486765877 -1.544058808660904 -15.356924265633163
3.623516 -1.5206781508991423 -15.355042835601271
3.685966458175972 -1.5110582247677546 -15.33349911418342
3.738869970724271 -1.519068741155196 -15.292057052251334
3.7650569523219923 -1.547134727149865 -15.23695512716275
3.767318693254324 -1.5837782459015177 -15.183085911456846
3.7492225564934203 -1.6243397804208604 -15.135117226165232
3.705521384160076 -1.6631303862239122 -15.104183690550137

/group/right_iliac_branch1/45
45
posId 45
3.6095214461382676 -1.7955320070081 -15.080459391541005
3.5275230412310097 -1.7933151423929297 -15.1282793907954
3.466579277281077 -1.7714526583950445 -15.194612993736152
3.4375106458999727 -1.7309692204744738 -15.27203466768554
3.440059674642453 -1.6793476108058119 -15.349285801604486
3.4767796030188 -1.6217519799029956 -15.417116237633474
3.553804549107121 -1.5728316364255657 -15.449886696912595
3.643635 -1.5446243488903613 -15.444165370266253
3.729116187627577 -1.5347221814252239 -15.412918038922996
3.795433519311093 -1.550049514551774 -15.353626641016815
3.829340479845363 -1.585624014408488 -15.28106014001611
3.8430881039807003 -1.6296035980042949 -15.206616945812423
3.8296375158554716 -1.6843957242457268 -15.130444964879285
3.767584172286344 -1.7404210594896599 -15.078737201964284

/group/right_iliac_branch1/46
46
posId 46
3.6386474102357904 -1.8088964012522872 -15.16809813082414
3.5775583281465035 -1.8104777361966613 -15.197395377591405
3.530881493707245 -1.7960645024090638 -15.244881920000221
3.5135513097444724 -1.7657791531099392 -15.302577537268588
3.5204344685326414 -1.7296700646295669 -15.357011514042606
3.5467099945046927 -1.6913827673153137 -15.404838666463887
3.6007047615157015 -1.6594504251312319 -15.428007844773468
3.662762 -1.639679255142196 -15.42743406605057
3.7241881790543956 -1.6313416809060008 -15.408817288386437
3.771912689361531 -1.6420352959038884 -15.366761532546438
3.797188931132442 -1.666265678981598 -15.314653943799449
3.8054927883989915 -1.6970428256336523 -15.260872398476522
3.789042392877674 -1.7337786067726197 -15.210417648825135
3.746758180947217 -1.7699166637814823 -15.174387318960306

/group/right_iliac_branch1/47
47
posId 47
3.658589296826453 -1.8575680398144654 -15.211562697457914
3.6047398826699015 -1.8558348327568974 -15.241599600587731
3.5673896952726016 -1.8408477942532497 -15.285679484115857
3.551891046740666 -1.8158933405509727 -15.335565312344949
3.5593360774488207 -1.785803693257697 -15.382558347383943
3.5846894957172557 -1.7551364921436867 -15.42150816036776
3.629496566218052 -1.7298505692480128 -15.44158799580828
3.680982 -1.7135285469643249 -15.443188869034078
3.7336936762274715 -1.7054113347492845 -15.430336110471453
3.7780014285827836 -1.7120986554995843 -15.396749218741082
3.7984615829572266 -1.733638742155692 -15.350123011603207
3.8044083121026544 -1.7597071708114835 -15.303168185176096
3.791645019673545 -1.790339608234634 -15.25793765115806
3.7557097476804717 -1.8212768406861712 -15.22386061560592

/group/right_iliac_branch1/48
48
posId 48
3.6738409445129534 -1.9222492450072604 -15.233507829873394
3.6121574886446077 -1.9228514423842005 -15.262611489872155
3.5668306853427447 -1.9080140957212566 -15.31092436683367
3.550610542039205 -1.879615253600514 -15.368901806093458
3.5547572576265187 -1.8466856071404842 -15.424903631719799
3.580671394068947 -1.810929981520393 -15.475240633464441
3.635849283633927 -1.7816651014700027 -15.499828671178891
3.698381 -1.7646290367278559 -15.499270478153296
3.757902240180288 -1.7594098885362166 -15.479360338973413
3.8047019397629684 -1.7689553251608483 -15.439652749989191
3.831605499549678 -1.790157737391345 -15.38913261230042
3.8394328174574093 -1.8185264036950315 -15.335312667542508
3.8231557746729314 -1.852047317989178 -15.284200947507513
3.7820649517590126 -1.8852328221484984 -15.245814904916442

/group/right_iliac_branch1/49
49
posId 49
3.69176575246314 -1.9770854168151897 -15.273826913228405
3.6329175755847194 -1.9778282413205113 -15.30057828258841
3.588475839125957 -1.9647148987171326 -15.345871270706834
3.5711235875011065 -1.9387289945122264 -15.401841847475692
3.5743726728932264 -1.9077708414052914 -15.457093672133007
3.6015961125943217 -1.8743868648285973 -15.50534295769019
3.655670523201815 -1.8480210465218225 -15.527886979628471
3.715043 -1.832041194011391 -15.528843030186527
3.7722766339970533 -1.8269245693695206 -15.51088833481373
3.8182800153444987 -1.8352676435258632 -15.473602082743273
3.8453075223198474 -1.8549161643683967 -15.424637460294871
3.8529339996778598 -1.88175635256113 -15.371745815603573
3.8374403942789934 -1.9134505794997374 -15.320993137994098
3.7971503484295672 -1.9448460380906867 -15.282635006289755

/group/right_iliac_branch1/50
50
posId 50
3.707788473846295 -2.0377099623340285 -15.306685998640932
3.64879396849994 -2.038520124185088 -15.332856284936167
3.603554145364415 -2.0260911597254996 -15.377780670714152
3.5893572079408873 -1.999849909510233 -15.43442947792297
3.594828130894185 -1.970195393193553 -15.488340062932897
3.6185623746449136 -1.9383072137425876 -15.537925527605111
3.6718035709383665 -1.9127103223265072 -15.561667247887017
3.731053 -1.8968614676186724 -15.564020217781035
3.789091424033753 -1.8913019401407622 -15.547344802796479
3.837163012132712 -1.8986944557245298 -15.510682689380255
3.86427157719379 -1.918529529431404 -15.460169836743237
3.8710155616524626 -1.9452811059591482 -15.40605016047479
3.8561498813167088 -1.9765350364027954 -15.353506591569644
3.815159074772291 -2.007685752241677 -15.313432181502112

/group/right_iliac_branch1/51
51
posId 51
3.7184663135267115 -2.11429868716242 -15.311857110101977
3.6501225370787966 -2.112811268785582 -15.346586019836424
3.6008477983550278 -2.0968769971764267 -15.400930372951064
3.5763706570548384 -2.0698229388122944 -15.46566456314462
3.5753367679639436 -2.035609862080823 -15.533608636689117
3.605210355517189 -1.9967061472393524 -15.596422695467815
3.6712088442961917 -1.964763799888569 -15.628703396120684
3.746495 -1.9477698700034773 -15.627187101336679
3.816241449446182 -1.9431823807867716 -15.603784427941825
3.8708880590682986 -1.9536671083542043 -15.557686576437195
3.8983070137134996 -1.97768269100842 -15.497575170367126
3.9059506676899582 -2.0073022097750073 -15.435613809791864
3.893535739914898 -2.042352535124987 -15.372275672639518
3.8451945591060843 -2.0778312702193484 -15.324806939661146

/group/right_iliac_branch1/52
52
posId 52
3.7343964204634186 -2.1735143869741202 -15.34858039727209
3.665246098098505 -2.174929041074657 -15.377811268869614
3.615963000873607 -2.1595423518291943 -15.4320388764819
3.5953429308660056 -2.1323291324090543 -15.497045344778948
3.601359513784345 -2.0994764923279585 -15.561169122189373
3.6346933321661195 -2.065159958007147 -15.615588995005963
3.691976523796608 -2.035647171749541 -15.649102341045458
3.761456 -2.016478823111443 -15.655881249308484
3.831061742610481 -2.0099710916426923 -15.636813014889315
3.8870456275841003 -2.0192618926395864 -15.591890420806983
3.919760173178313 -2.0412259210159722 -15.531959572941618
3.9247768944478696 -2.0716394184950437 -15.467680399505078
3.902154056682964 -2.105611557059201 -15.408988007362446
3.8534074088857797 -2.137460340046734 -15.366752206777548

/group/right_iliac_branch1/53
53
posId 53
3.75064212663835 -2.231175354471898 -15.388607571437763
3.6875735406224854 -2.2311166463604666 -15.418217046313409
3.6417075023758407 -2.2176919570197438 -15.467854346533555
3.6204814945357806 -2.193775574891697 -15.528005844887145
3.62450871632095 -2.1638552816074057 -15.58895987683458
3.6550501164180305 -2.1319187020496133 -15.641752338506175
3.7090657235736044 -2.103824075053978 -15.675501361552703
3.776019 -2.087090013175618 -15.679342894108311
3.839531237566707 -2.0834702717248343 -15.657251266784638
3.8902455116909134 -2.091820479232341 -15.616004423969343
3.9224406888071974 -2.1104591107353974 -15.561808583168997
3.9314327994805613 -2.1373393600290185 -15.501152203529983
3.9128677302522545 -2.1691831360369243 -15.442955401017212
3.865313795967683 -2.1994260410078548 -15.401673691815262

/group/right_iliac_branch1/54
54
posId 54
3.761693427923072 -2.30316629434631 -15.399673670637485
3.6928866457987333 -2.3015411255935017 -15.435874956005522
3.642857015978525 -2.28709411118893 -15.490875593092747
3.6198946664638245 -2.261478888755333 -15.557162193290326
3.6186619455219655 -2.2297626043327874 -15.62631575389862
3.6514680618240325 -2.1939714979711193 -15.688108020055152
3.7173918789124434 -2.1652671298785804 -15.718846239746656
3.790269 -2.1494273087116436 -15.718469109518038
3.858320196677486 -2.1443053065030755 -15.697213593015743
3.9164106403815997 -2.150747731683673 -15.655688779904416
3.949445690493918 -2.1714838745077008 -15.595165134826123
3.9556463703886195 -2.200413223798 -15.529676581667806
3.942454977657968 -2.2341466855189287 -15.46301446895412
3.891706906385876 -2.2681819022728877 -15.41354191267783

/group/right_iliac_branch1/55
55
posId 55
3.7737638992573146 -2.370905258141183 -15.416705793816295
3.6935427069852875 -2.3750924362639587 -15.4465118446614
3.633956434846863 -2.3605434352569645 -15.507900429510778
3.609403030566757 -2.331284657966516 -15.584902573327543
3.611525483290499 -2.295629860374253 -15.66311455035587
3.6487413989618385 -2.256196135515667 -15.732615501620096
3.7243466674933865 -2.2256220483000075 -15.763707856264402
3.804292 -2.2073316697515986 -15.765382252002045
3.882272534246401 -2.1986211421317394 -15.74672230594128
3.949991344377058 -2.2048395546477075 -15.699884302647085
3.9880093960286085 -2.228083762806863 -15.629685411619816
3.9945716167511063 -2.2607559040758307 -15.553868437205976
3.9730129650882193 -2.2982637972955375 -15.481014030985937
3.9140826154800696 -2.334250954385153 -15.429760521222184

/group/right_iliac_branch1/56
56
posId 56
3.7871190430637087 -2.4337912091711127 -15.440768386735106
3.7052010959787607 -2.438814001609993 -15.470731801084964
3.6416507025688207 -2.4259663216691534 -15.532198523370358
3.6124491328498616 -2.3973901741134096 -15.6121967656087
3.624713403032894 -2.3599143086314447 -15.69153940438579
3.671945992702797 -2.3226120728717183 -15.752800987689088
3.740291291596515 -2.2920122408162023 -15.78808573715191
3.818173 -2.270174355440822 -15.798546935546828
3.8999766934793123 -2.2587944649694083 -15.78315247383042
3.9725238612470166 -2.2638344208525765 -15.734958238752585
4.011983300106845 -2.287885263480959 -15.660102016806583
4.017814417054529 -2.3217033159728073 -15.579957488643837
3.9927435852006066 -2.3602028765596335 -15.504754820688932
3.9297985085874356 -2.3962305718084576 -15.454348955782018

/group/right_iliac_branch1/57
57
posId 57
3.8025388936896882 -2.4898045137723743 -15.475957732784659
3.7250532317477374 -2.495036842644514 -15.504811914941433
3.664082761836713 -2.4840576761980317 -15.562880344453479
3.6338611388939968 -2.458299395453148 -15.63925565722143
3.640766189141451 -2.4231845986637337 -15.717851143403639
3.687210283406177 -2.3865871514816877 -15.778941751755882
3.7570523113810506 -2.357768468321614 -15.80939585145908
3.831995 -2.3381066735777103 -15.815693004775447
3.906459492274105 -2.329567552292786 -15.796188166662736
3.971926091804186 -2.3337424623566423 -15.751673727461844
4.012097702537135 -2.3533855382322466 -15.684344614194591
4.019282253930205 -2.383871997870959 -15.60911588594153
3.9942365190372775 -2.419378571851377 -15.539227474583923
3.935226586533744 -2.4525181949744295 -15.492904096372952

/group/right_iliac_branch1/58
58
posId 58
3.8172662760850633 -2.5464312492663956 -15.505765769112992
3.7438010146425946 -2.5508805618570687 -15.53617847381288
3.685958613657534 -2.5410980563588135 -15.592057797920713
3.659537768697832 -2.5167882313615713 -15.665273902594187
3.666633862169422 -2.484323922029084 -15.739336236998957
3.7074040747621892 -2.449858886024636 -15.799365352663367
3.7725798506923365 -2.421080965542281 -15.832068542085013
3.845831 -2.401656159121461 -15.837771534784196
3.917928879287305 -2.393234987897903 -15.817670915577542
3.9796433264488202 -2.3974188541114168 -15.773082183854966
4.015961120799092 -2.4160720266964733 -15.707924895046748
4.023695078698414 -2.444075090995311 -15.636287726687472
4.000967245692414 -2.477417535175445 -15.568861362640787
3.9463361239063963 -2.5097812494152447 -15.521638933505072

/group/right_iliac_branch1/59
59
posId 59
3.8284542722905446 -2.6109749249021474 -15.51338828586787
3.747092295888674 -2.617422194319259 -15.545379954375884
3.6844101428639995 -2.6070167777256494 -15.60794718634435
3.6603578643390127 -2.5799611632383868 -15.688846413744638
3.6697251114385296 -2.545705205433339 -15.767834110027596
3.7106482741764157 -2.509166619699369 -15.83387640624161
3.7788845576572108 -2.4768390321388427 -15.873452570667165
3.859679 -2.4549220122665196 -15.879955483036717
3.938698283895254 -2.445587647816784 -15.856464727961425
4.0058363019536944 -2.449631392957137 -15.80696729564821
4.046899790186795 -2.468716003254424 -15.735716735951296
4.0543087189775315 -2.4989732467708516 -15.656717295900433
4.03096207863348 -2.5350245446160775 -15.581530192473275
3.9716105752691218 -2.5710234923480586 -15.527667348025158

/group/right_iliac_branch1/60
60
posId 60
3.8415068656825277 -2.6690060471729327 -15.530836050903499
3.7580515434972663 -2.67638073778774 -15.563711810156097
3.69818277199167 -2.664622124779825 -15.630457540965871
3.67364451600391 -2.6384971196552516 -15.711751711760261
3.676901491014049 -2.6053682922430914 -15.79360929193828
3.7140504943853494 -2.567284892105255 -15.867076739653458
3.788310293564486 -2.533430183306046 -15.906917574706991
3.873516 -2.5115694850581165 -15.90963360597795
3.9537550214516073 -2.5026334203487486 -15.882697160398362
4.019659817501386 -2.507172632449728 -15.830500019833112
4.063120313929792 -2.524652347892496 -15.759405151498653
4.071712905427643 -2.5544019219117358 -15.678783717574078
4.045122351740774 -2.5905205940451763 -15.603768840513858
3.9858928757733034 -2.6265341942129212 -15.549179164331086

/group/right_iliac_branch1/61
61
posId 61
3.8549151142535294 -2.724652632320235 -15.549511134076276
3.7699074167966966 -2.7332159405736784 -15.58218889816741
3.7100037571324083 -2.721682778476108 -15.650850906556144
3.6890968210554305 -2.695023814792532 -15.733609237338758
3.6954489139430575 -2.662495653218728 -15.814002026893927
3.7304630417336715 -2.625618443325539 -15.8871739965744
3.8013713925425447 -2.591015283989355 -15.931248040274731
3.887317 -2.5671940194837046 -15.937599138951756
3.9714686080093453 -2.555625961750616 -15.913279769901095
4.04339408709775 -2.5580825060596104 -15.860428515785763
4.082098985264531 -2.5784178654283894 -15.782597691122245
4.085122970700121 -2.6092170259426064 -15.700638492944517
4.057908349293412 -2.6447629071113883 -15.625885701345686
4.000202570958586 -2.6808023461798887 -15.569550714289951

/group/right_iliac_branch1/62
62
posId 62
3.869861842992472 -2.775052699887062 -15.576769995930666
3.7885811618105327 -2.7834699809194516 -15.609092988801674
3.729145543299483 -2.7741166518907328 -15.674047509744005
3.7061026948118876 -2.7497524394467914 -15.754481831186217
3.7116067951534055 -2.7184531022276306 -15.834164639948698
3.7480991497701317 -2.6826525744342744 -15.90496683580326
3.8186369997409115 -2.6497533999048106 -15.945106660102281
3.901058 -2.6266960917047046 -15.951020731241895
3.9823578992611015 -2.6143641148455923 -15.929114646752918
4.050547621622879 -2.6167244761551105 -15.876894778125479
4.087328205470699 -2.6355381386916372 -15.801995229174565
4.0937509271278625 -2.6637388914985083 -15.722534259741844
4.066917669345831 -2.6978929448396265 -15.649612566149486
4.008109559625165 -2.731854538512795 -15.598741244895674

/group/right_iliac_branch1/63
63
posId 63
3.883408378064611 -2.8276857041229775 -15.595281709316408
3.8036522430104625 -2.8353001091239274 -15.630288188100682
3.746923884198483 -2.8258961494794184 -15.695656858339035
3.72104779375254 -2.8037316396323773 -15.774286423833502
3.7241258953726404 -2.77351626543206 -15.854643812651991
3.763034292809253 -2.7380985576957655 -15.9241396615225
3.832273025875322 -2.705132551525135 -15.965720566521417
3.914716 -2.6818698179835843 -15.971566119536597
3.9944050621864156 -2.670649954590902 -15.946452205723379
4.061087111519399 -2.672407015616803 -15.89500149914453
4.099462396244521 -2.689345380653133 -15.821898496947085
4.108355607443651 -2.716234340313765 -15.74224928575529
4.088107582045927 -2.7500644002000705 -15.664033611423866
4.026735611774156 -2.7854159406189383 -15.610434583012378

/group/right_iliac_branch1/64
64
posId 64
3.897610471232573 -2.8774561422044425 -15.617606971678066
3.8204844273889167 -2.884662240036043 -15.653271680170977
3.7656524623561736 -2.876064974011435 -15.71699160416994
3.738292469430612 -2.8558478266486422 -15.793321907577706
3.740939117825434 -2.8268244158219837 -15.872560962395841
3.7795739179340293 -2.7924298314292515 -15.940775007454027
3.8469879577614865 -2.7599668420861283 -15.98276117424204
3.928266 -2.736753499123303 -15.98885073492255
4.0065843353109205 -2.7256041205521373 -15.963349275277116
4.071193435377915 -2.727260108582331 -15.91196287244967
4.10759930545994 -2.7435221176712306 -15.84014553120262
4.114970962879193 -2.769261292256971 -15.762839760786683
4.093139853179461 -2.8014116042071624 -15.688740673275946
4.035436609600428 -2.835018266071679 -15.636529145687847

/group/right_iliac_branch1/65
65
posId 65
3.9113790267848483 -2.9270962028776655 -15.637426105356072
3.8342099445068984 -2.93531597395469 -15.67142221866607
3.7757219169054146 -2.9289965231368935 -15.733073136011843
3.7504542373143526 -2.9082187741617935 -15.811313928389236
3.757006357967171 -2.879038954832073 -15.889870580573817
3.79593454343911 -2.8455641609848943 -15.956584497152669
3.8630005619372603 -2.81439187995758 -15.995748365761639
3.941685 -2.7916902820880236 -16.002033456583593
4.0186440705075945 -2.7795452708461004 -15.979417927950575
4.083987902571698 -2.779706752527644 -15.930267126639661
4.121242121511757 -2.794992092125493 -15.85880028577326
4.129210142805781 -2.8201071090572074 -15.781047547900494
4.107854004242969 -2.851924785517074 -15.705978808312404
4.050937826988611 -2.8859108068986363 -15.651206279844672

/group/right_iliac_branch1/66
66
posId 66
3.9246576110127998 -2.9767472169070133 -15.654616741266228
3.8449540513121807 -2.987182261224026 -15.684991151435847
3.787066588681445 -2.980316600739916 -15.749221747509795
3.763273554739386 -2.9593386038045404 -15.828627928252352
3.767803252376515 -2.930852314986322 -15.90833505581771
3.8051130481937783 -2.8971826572421087 -15.978153210723367
3.87538255067692 -2.8659641830355755 -16.01565648482776
3.954948 -2.843775115158721 -16.019702958799456
4.032387508199033 -2.830786846579873 -15.998510789014992
4.099611209135043 -2.829777354452409 -15.950144908105997
4.137676831275802 -2.84474324698226 -15.877396333731124
4.144324912664868 -2.8700673594654234 -15.798388870298107
4.119328819983715 -2.901831831334415 -15.724733568429365
4.0616397798566775 -2.9348071231035178 -15.672498433888745

/group/right_iliac_branch1/67
67
posId 67
3.93744034164058 -3.0264376648176516 -15.66935557713564
3.8561006302730867 -3.0378008259261686 -15.698803340321891
3.7962692015412154 -3.0316177600553296 -15.763723956294783
3.7744547882831014 -3.009920879853357 -15.8452335419858
3.7810972146355533 -2.981326689917282 -15.925133105898079
3.8175949790686206 -2.9480371887145616 -15.995784407467163
3.887840658044987 -2.9167302599124776 -16.034294422786132
3.968032 -2.8937870486701396 -16.040189173757003
4.047194982804473 -2.880047697890932 -16.019503026455105
4.114525679514135 -2.8794313597873145 -15.96897832640438
4.1513160362040376 -2.894737450412235 -15.894834995689646
4.157218120213538 -2.9198303370256657 -15.81559650025208
4.132262206438789 -2.951153216608633 -15.741820436503406
4.075128479394481 -2.9839558747430326 -15.688664550635144

/group/right_iliac_branch1/68
68
posId 68
3.9485087090011 -3.0789597200351366 -15.674443909297352
3.864539802531058 -3.0895185345963876 -15.708628153419468
3.801118943836518 -3.0839254684137605 -15.775482889551112
3.7733753108509953 -3.0629956736583828 -15.860629724952162
3.7794325493700365 -3.0329185534546914 -15.946826646159609
3.821701901123255 -2.997582223968621 -16.020415611635713
3.894651199235768 -2.9640303363731797 -16.064449642891834
3.980912 -2.939231316548548 -16.071529393076734
4.064328033301023 -2.9262333675688654 -16.045157513087517
4.13255472225497 -2.9267646931430575 -15.989827513339284
4.172878285525225 -2.941502722384468 -15.913501630062724
4.1820949192531245 -2.9667930538822107 -15.829755127043777
4.157564606811004 -2.9996314780997784 -15.749752863211606
4.096745392207407 -3.034757172889074 -15.691407476907242

/group/right_iliac_branch1/69
69
posId 69
3.963252471773671 -3.1221212934736973 -15.702986954574087
3.883145952576151 -3.133129486267785 -15.732681989864762
3.823291592679853 -3.1278587925688224 -15.796258344556474
3.799512498069866 -3.1076483000178174 -15.877075410398179
3.8083828140855616 -3.079435199920578 -15.956572121406417
3.8489129178266865 -3.047381161775261 -16.02276949525063
3.914576646630617 -3.0168817909009955 -16.064290000506805
3.993564 -2.993445725487104 -16.07359493786501
4.072151010747852 -2.980374246560101 -16.051431176185243
4.136985438575912 -2.9804677874220378 -15.999787114582677
4.173035037669007 -2.9948471760527355 -15.92713289857259
4.179144169884695 -3.0186493474717673 -15.849297852636582
4.154861813640811 -3.0486469382006827 -15.776536831171864
4.098685315827862 -3.0802459926495533 -15.724128741982508

/group/right_iliac_branch1/70
70
posId 70
3.973280940351809 -3.174944032919233 -15.704019131980619
3.887354915107968 -3.1863813652521227 -15.736547844127632
3.82513619250052 -3.1798960408143873 -15.80588948567808
3.8006517509871562 -3.1584510127680945 -15.891757572675154
3.80862148435292 -3.129105909623057 -15.97644062336524
3.8509999845425975 -3.0952631747950887 -16.04784215262404
3.920580423192029 -3.062567483230154 -16.09416256684399
4.005965 -3.0370223239198038 -16.105805967448198
4.0920100780268 -3.0224812793667706 -16.082806628233367
4.162767475371174 -3.0226893632950707 -16.026172083864427
4.200443845426276 -3.0388057714092374 -15.946387682541262
4.206161213080999 -3.0644963693595932 -15.86220562227091
4.1805230045431845 -3.0965018814280736 -15.783254348613
4.119549631185333 -3.130303535894173 -15.72669406065455

/group/right_iliac_branch1/71
71
posId 71
3.980986727018328 -3.231914166309373 -15.692354347093723
3.8826939374796487 -3.2451644408051172 -15.728062610491179
3.8111851683186604 -3.237912519765462 -15.80682724268138
3.7859045982548363 -3.2127858116153862 -15.90518260114024
3.797876726836325 -3.1794814274957077 -15.999866746759274
3.8423058603986715 -3.1419590759558744 -16.082267972286317
3.921409910636256 -3.105370780510907 -16.134546035177355
4.018091 -3.0769943914130726 -16.147371650046935
4.116692234113043 -3.059573512785457 -16.124454619787855
4.197981677039685 -3.0598353274576424 -16.059860782267762
4.239951122318324 -3.0786508587978587 -15.968134717789775
4.245355620294043 -3.1079439338082957 -15.87235315686402
4.214623085068791 -3.1439930960379656 -15.783810007055173
4.146220934500658 -3.181700278072656 -15.719639221442108

/group/right_iliac_branch1/72
72
posId 72
3.9925905099646846 -3.2793084857893846 -15.706254273540353
3.894351054282851 -3.29177707449058 -15.742869102709829
3.8221885931505373 -3.2845555737762147 -15.821239016500977
3.7948228848203374 -3.2599253439669726 -15.919751794081389
3.8048647856073505 -3.2267224881329017 -16.016341672170583
3.8503517580196958 -3.1887702784460332 -16.10050847375862
3.931596352033007 -3.1521028599123864 -16.15304916541699
4.029916 -3.123247951193155 -16.167865348388663
4.131040657311238 -3.1057138123682626 -16.14494258910572
4.213479407805311 -3.106723338615197 -16.078164721687642
4.254958184041301 -3.1263756239978013 -15.984405874871863
4.259016656184781 -3.1561811781348927 -15.88761266120093
4.22843939764939 -3.192181429732936 -15.798076185229585
4.159765509625882 -3.229906761821721 -15.732512162627875

/group/right_iliac_branch1/73
73
posId 73
4.009103013966467 -3.315115454570134 -15.75206718491357
3.926040305242144 -3.3240308100558567 -15.786309191025307
3.8647970876129114 -3.3175390104180145 -15.852875284788063
3.837166939321278 -3.297755723743118 -15.936209557665213
3.840824323681267 -3.269792000520039 -16.021896267790034
3.8809892402878647 -3.2364056362624734 -16.097290026749796
3.9547486527267925 -3.2048127879073887 -16.14175926046994
4.041414 -3.1801125688150713 -16.154729194850454
4.129880773648914 -3.1657441081575786 -16.1336706017689
4.199878256609878 -3.16802939308484 -16.07382725371649
4.236242753297453 -3.184884514582947 -15.993187888267157
4.243546402003467 -3.209856438116089 -15.908723564927358
4.219036872272413 -3.2411900516836925 -15.828053751898446
4.157068586241554 -3.2742416185890826 -15.770108070538639

/group/right_iliac_branch1/74
74
posId 74
4.02012019648623 -3.3622931075561135 -15.766526549160243
3.9358915368611833 -3.3711527122882265 -15.799385032961224
3.8709704832843643 -3.3654080512738385 -15.86476576037792
3.8397591907668422 -3.3457416426905415 -15.95005013155243
3.8447160584132005 -3.316752323166123 -16.038805079586215
3.89063107396975 -3.283008093515231 -16.113004917987663
3.9662189635076497 -3.2524479645329287 -16.155542790121643
4.052554 -3.228718440064426 -16.168527037839365
4.141794305199949 -3.2141041469891545 -16.15036652901593
4.2162512572390085 -3.2150565065072274 -16.09333699930162
4.256124318091041 -3.231891206939138 -16.010791987613167
4.264382021506338 -3.257709247523319 -15.922556490343778
4.235420292436674 -3.2901321488823205 -15.84027152988203
4.16863169715097 -3.3226517396206066 -15.785110325825729

/group/right_iliac_branch1/75
75
posId 75
4.0307578787288625 -3.4099324401546784 -15.781147104469154
3.94740219056834 -3.417241715755049 -15.81540620415489
3.8845881751193025 -3.4103795030743114 -15.880947745625141
3.8550596589971002 -3.3906603090832217 -15.964724095598209
3.858356849884808 -3.3627676170035596 -16.05201343957626
3.899054883170427 -3.329887535461951 -16.129415381699488
3.9740902069895037 -3.299073629900837 -16.17640031324815
4.063305 -3.2761344619834807 -16.188276152506305
4.1531800008737045 -3.2634221388919116 -16.166852844250112
4.225427222773163 -3.2662848313073938 -16.10762174259438
4.262171552318925 -3.2839292380881075 -16.02551061120034
4.271224617728923 -3.3088260373637004 -15.939288384230746
4.24733344170899 -3.3400744129625277 -15.85548607251398
4.181342191895574 -3.3722290347076043 -15.797931768754006

/group/right_iliac_branch1/76
76
posId 76
4.040217479778594 -3.4599954452169963 -15.791325905571451
3.954517172474881 -3.4666317603781334 -15.82593144775632
3.892514164717649 -3.4580473922624657 -15.894325796156897
3.864259118525997 -3.4375899528072846 -15.979086250284167
3.867426340813627 -3.4098807322042473 -16.06676635604084
3.9082708833738358 -3.3775421154388 -16.144777200701217
3.9835446665929917 -3.347469027878616 -16.19291157208195
4.073637 -3.325279997265398 -16.205807994389314
4.163981810467173 -3.3140090755782197 -16.183174094179076
4.238504285116016 -3.316740774769783 -16.12554170721064
4.279363488724518 -3.333916752876663 -16.043159328931775
4.2856530677035725 -3.359944758835883 -15.954734241020958
4.2581774831125765 -3.3912230194169406 -15.8714063943779
4.193748248718454 -3.422941813413814 -15.81084229940814

/group/right_iliac_branch1/77
77
posId 77
4.05140632024196 -3.506752511034284 -15.815021985188336
3.9678225582209508 -3.5128999840279 -15.846096419033664
3.905699900073361 -3.504653042443808 -15.911079620325674
3.878289467299054 -3.4844007549619054 -15.994051386323239
3.8807375776859816 -3.4576193953598318 -16.080084408022714
3.921577522033717 -3.426670741457272 -16.15623575109562
3.9961678768162785 -3.398789157979374 -16.201702060838702
4.083519 -3.3785172823137906 -16.21448531049039
4.171148952176001 -3.3686385061154 -16.19312927385668
4.244236473300544 -3.3717282964252315 -16.13828934202311
4.2861478488208045 -3.3882002832986444 -16.05879612456051
4.2914888621362595 -3.413744350600771 -15.972038847209474
4.262016212351478 -3.4437550518018902 -15.89199447662557
4.199515841359285 -3.4733542189797233 -15.833513435308202

/group/right_iliac_branch1/78
78
posId 78
4.05579244098967 -3.5679100542616995 -15.800616045898623
3.959248070359104 -3.5737020304316673 -15.83617300664784
3.8884836751106313 -3.5630544611873365 -15.911360390016068
3.856126576936584 -3.539803786769672 -16.006374084026334
3.858160426939068 -3.509326723173478 -16.105752714686634
3.9045528877667213 -3.47437395190939 -16.19477946360499
3.9914521914145773 -3.4434197762546113 -16.247682221700884
4.092922 -3.4222571477143995 -16.260037436595884
4.1934886708200185 -3.4122444208600227 -16.23612546901303
4.277391564251725 -3.4167657401537346 -16.173707000784624
4.325273043985508 -3.4361098769666047 -16.082789531768608
4.332727837166922 -3.4650024091863525 -15.983265220579762
4.3007744471779015 -3.4988734626307654 -15.889631370668384
4.2268546531668445 -3.5317497638091053 -15.823039562607612

/group/right_iliac_branch1/79
79
posId 79
4.069609035905862 -3.6109863083327856 -15.847023599445599
3.9841075423079024 -3.6159063756153516 -15.874910371141945
3.904615616858942 -3.6114199438625376 -15.93100079697895
3.879056540022767 -3.587802655819103 -16.022857033744188
3.8928875129953924 -3.558805423493807 -16.112230395167213
3.938984713106893 -3.5291002875711235 -16.187255469625576
4.012621726611902 -3.502859977868618 -16.236487896418215
4.101814 -3.48469931729294 -16.25076925585491
4.192548569762291 -3.476206795276502 -16.23206617343674
4.269617659239325 -3.4806732400314973 -16.177296642477316
4.312792380515556 -3.4987290745563877 -16.094834887513375
4.321259779332553 -3.524594301529671 -16.004343839004267
4.285102885622134 -3.554603435662657 -15.923160411516065
4.211373998574746 -3.57989846955542 -15.877122443980989

/group/right_iliac_branch1/80
80
posId 80
4.079149847513715 -3.663961772234212 -15.871223527951761
3.9950429094023856 -3.6685528429402448 -15.89514159624883
3.916176601264774 -3.6635256027599508 -15.948920386424273
3.8922405234083115 -3.640000045142908 -16.039149102440284
3.905270005567295 -3.6121276006937237 -16.126690054166264
3.9502196047452194 -3.583866420517877 -16.200606137322996
4.023984822999824 -3.5600423075343945 -16.246137543998163
4.110166 -3.543944081755753 -16.259906735427858
4.1985228040748845 -3.5363396948121655 -16.244123798947747
4.273606073804633 -3.5416256857720816 -16.1912452890743
4.313855247895276 -3.559972508267999 -16.110783642390146
4.321666817361481 -3.584824524112369 -16.023641103259205
4.287728689492153 -3.6130320394131625 -15.944754631016178
4.216065498575344 -3.636261478054664 -15.900237757737012

/group/right_iliac_branch1/81
81
posId 81
4.08627665058912 -3.7231861204164374 -15.884832589406464
3.9986465551064114 -3.7276317786313937 -15.906324233198216
3.916584310671934 -3.7214773787863185 -15.961418258919634
3.891618230279681 -3.6969863377069605 -16.054837896503326
3.9047499818087146 -3.66851964127042 -16.145837497042727
3.952749382998469 -3.640199477883775 -16.221793930510376
4.028998228751567 -3.616890577090983 -16.2689809389107
4.117946 -3.6012765650123946 -16.284790864124876
4.211234165227824 -3.5935315336155496 -16.27212080318167
4.290937242169205 -3.5999631767543105 -16.217071385125948
4.3307293299587775 -3.620317904353736 -16.131485051129292
4.33695554529651 -3.6462747400971023 -16.040915749514156
4.303071104063055 -3.6748051631520835 -15.95835804897303
4.22987815704854 -3.698267116992566 -15.90937741996521

/group/right_iliac_branch1/82
82
posId 82
4.095131570480178 -3.780982596106237 -15.91324426354317
4.015186606523203 -3.782444429885784 -15.93757604601787
3.955577350805963 -3.7713960048353763 -15.997206122448933
3.9346333360886327 -3.750677229548066 -16.075703765000867
3.9424528563667964 -3.7271349832616076 -16.153299660563647
3.980036417855915 -3.7031204737862575 -16.22159062827435
4.048680366114622 -3.684607717352222 -16.25968264101757
4.125125 -3.673281675796093 -16.27034962596103
4.203029036741187 -3.668440205609633 -16.258317750466702
4.2688978938366775 -3.6748851221589076 -16.212125541843825
4.301790978798611 -3.692116223095143 -16.141164776410243
4.308135004213963 -3.713462886902014 -16.06587715611405
4.2881438406694725 -3.73735697416618 -15.991543930441205
4.231600105050698 -3.759566451104428 -15.936377964191724

/group/right_iliac_branch1/83
83
posId 83
4.101879055995304 -3.8449468099546658 -15.933487409201282
4.019576539512544 -3.8468241300521093 -15.953144296142172
3.9621786647902306 -3.8339833092658204 -16.01560467681333
3.9427436219533143 -3.8129942855234824 -16.09408795292181
3.949634445626766 -3.7899507487408988 -16.171293216596887
3.9867142364594397 -3.7666570546531672 -16.23977762271379
4.05463406602053 -3.7488648278722922 -16.279518261427267
4.131671 -3.7378683671705035 -16.292951248404623
4.211530240365474 -3.7337940741410316 -16.28163921454525
4.279735179895375 -3.7409983414025447 -16.235168187292167
4.311932305946321 -3.759314219778588 -16.161843774610404
4.314011279932169 -3.7811966974951416 -16.085791504549597
4.289597681857026 -3.8041277851114845 -16.014535831456925
4.234000801854715 -3.8244642378820237 -15.962117883329661

/group/right_iliac_branch1/84
84
posId 84
4.108415520104433 -3.9117752001832033 -15.957333674074913
4.0314910252939296 -3.9108210218630792 -15.981373063605806
3.9717252382613446 -3.899425798869726 -16.03703294653182
3.9465150662565907 -3.879492043503451 -16.113021590155345
3.9536122228800963 -3.8564671251749587 -16.191035401885657
3.9937976342980828 -3.8340552911128793 -16.258005452923477
4.061413120914367 -3.8175406984761597 -16.29711349680098
4.137555 -3.80790875497957 -16.31003246138112
4.2150676424707925 -3.8056899742311776 -16.29684885193972
4.280778953106103 -3.8136156055199253 -16.251630911522255
4.315332413119447 -3.8310551749847677 -16.181782774471895
4.3184147104393835 -3.8524537754275343 -16.106671545960307
4.292258012648767 -3.874511252117491 -16.03715156077815
4.2373155069285104 -3.89341800016727 -15.986324944983911

/group/right_iliac_branch1/85
85
posId 85
4.11627119634874 -3.979028510871413 -15.994349714876643
4.04955736302977 -3.9758095157101163 -16.020502553647482
4.0009549673400135 -3.9643285375218325 -16.071491016478372
3.977283672143347 -3.947352454159371 -16.13611997588516
3.9813426426021614 -3.927581054234186 -16.204326795691827
4.015644782267435 -3.908311377757092 -16.26402500937315
4.073585893842608 -3.8935320438149414 -16.30274694151083
4.142746 -3.8850186054572196 -16.317059910330716
4.213856286175987 -3.8840645205686246 -16.304512649822414
4.273217387550522 -3.8922876699542286 -16.26250939053791
4.303377689962346 -3.9086253786988836 -16.198662638260085
4.307176106866818 -3.927830335991583 -16.130680952600716
4.285170983190238 -3.947652382613118 -16.066305339151402
4.235857017897622 -3.964774175985787 -16.01746818797243

/group/right_iliac_branch1/86
86
posId 86
4.119200172087955 -4.058211885714851 -16.006932755583982
4.048836987561704 -4.053924583049849 -16.034689483286048
3.998373365408331 -4.041118520041375 -16.088830400181404
3.973754686354692 -4.0231147758031645 -16.156601189446732
3.977034782232687 -4.00253747042758 -16.22840037060077
4.012501672910108 -3.98262730545548 -16.29205492415438
4.072756195057789 -3.9671172750442967 -16.335765126192626
4.147214 -3.9593266991006857 -16.34976027240822
4.220666776100027 -3.960715901616854 -16.331642413298784
4.278875186027536 -3.970737913274238 -16.285900627633414
4.309760946308895 -3.987402357170248 -16.221712574741083
4.314506705487838 -4.00674336175915 -16.152816982486748
4.294021515056892 -4.026762804164537 -16.086079411596753
4.244754439089331 -4.044296271314574 -16.033271734729432

/group/right_iliac_branch1/87
87
posId 87
4.1232537803657445 -4.138130646938324 -16.031661042604913
4.0525793903375735 -4.133750276818889 -16.05737334183992
4.002378102840965 -4.120487125165896 -16.111535689576865
3.9827917089544473 -4.10200724527311 -16.17971726282346
3.9865276986924365 -4.082214817170153 -16.24916689289929
4.017365541350933 -4.062707131954913 -16.31368957009263
4.077546175094137 -4.048196393952352 -16.356297859780103
4.150965 -4.041581571082395 -16.36906981688815
4.222633910400693 -4.043750474124424 -16.351033861573296
4.276071570911864 -4.054929530667106 -16.303773180578947
4.303067692965295 -4.071234800064178 -16.24220971556035
4.308393679442113 -4.089278968877274 -16.17763154691066
4.291572041197175 -4.108168659669548 -16.113266901606853
4.245990291328595 -4.125038659794644 -16.06020418615868

/group/right_iliac_branch1/88
88
posId 88
4.129713632514431 -4.21541298973024 -16.07561445700083
4.069482284422391 -4.21029531806186 -16.100763765954433
4.026636688487785 -4.198555353714245 -16.147415253350527
4.007588714929693 -4.18279828068488 -16.20557519598606
4.008133471154767 -4.165517207929819 -16.266877547635996
4.034974496772079 -4.148373979256376 -16.32464462284805
4.090218613742968 -4.136803489722211 -16.3593329717469
4.154059 -4.131803686750913 -16.369693005409584
4.216874772897281 -4.133587574343302 -16.356082689655445
4.265266533664121 -4.143280692392891 -16.316057206437435
4.2871426672513 -4.158131080099944 -16.26078934802754
4.291338484129784 -4.1738854414996185 -16.204359298955787
4.276633271070455 -4.190174072111353 -16.14822127773311
4.236950292804127 -4.204541811942762 -16.10179745189292

/group/right_iliac_branch1/89
89
posId 89
4.131835771813918 -4.300516031398679 -16.097124806599513
4.069760976336244 -4.295357734896279 -16.12121355560088
4.025972558028202 -4.283043518314813 -16.169119451306095
4.009739665577163 -4.266630383543819 -16.229097116018668
4.013928912342423 -4.249579155716962 -16.289470548873425
4.0412109004507935 -4.233265231999337 -16.345093216039615
4.093089529749547 -4.2214968520895315 -16.38225691875245
4.156554 -4.216666282488401 -16.393633719197027
4.218052662893498 -4.219677173345987 -16.37724980260185
4.265474229657223 -4.229416991155565 -16.33818317345016
4.290470268307414 -4.243670430215162 -16.28509532641442
4.295685217058415 -4.259508560864794 -16.228179746799306
4.281837762293731 -4.2760228825832645 -16.170607607728474
4.242102485848104 -4.290725308575291 -16.12187235397758

/group/right_iliac_branch1/90
90
posId 90
4.133518614299448 -4.385296502206238 -16.119093404023637
4.0706385245165215 -4.3798161459369505 -16.143197062007506
4.023332639579962 -4.367711360817361 -16.189854824288222
4.003400092239521 -4.3508528655034056 -16.251533477559203
4.008914962492007 -4.33297920406714 -16.315011210964077
4.041510722856505 -4.3169276161080194 -16.370031359508214
4.095016330812842 -4.305803573421823 -16.40593955812315
4.158513 -4.300819430518971 -16.419187956965278
4.221148891398741 -4.303962064589572 -16.40345602880408
4.2715774500394215 -4.313564315781077 -16.365517016630207
4.301419292935494 -4.328065815734228 -16.311549295360777
4.306959808832539 -4.344948330336555 -16.250819078261344
4.289172541020669 -4.3619880295147455 -16.191203573459397
4.246195406822455 -4.3764637193526905 -16.142561169195012

/group/right_iliac_branch1/91
91
posId 91
4.133819106357242 -4.470074119899712 -16.135042402156934
4.069123393583628 -4.463565993930683 -16.16189751990848
4.023018915336404 -4.450344990601588 -16.211783939873268
4.003433945543973 -4.43318205767313 -16.274341042413717
4.007804510961101 -4.415128971249372 -16.338776271786497
4.039653667175426 -4.398695037692426 -16.395907373523933
4.094281815698863 -4.387290242930315 -16.433775379100837
4.159997 -4.382878238809351 -16.44598535818213
4.223907535960966 -4.386521771278385 -16.42943548293896
4.275970427509566 -4.396373036718284 -16.39129496435972
4.305720357037712 -4.411429874925523 -16.335726642240346
4.3108775638022 -4.4286186360518505 -16.273866475402663
4.294114671251351 -4.4460203118738155 -16.21244298384073
4.251160015819739 -4.461104443942889 -16.160755161060635

/group/right_iliac_branch1/92
92
posId 92
4.130188270223089 -4.557875651903632 -16.1287282101244
4.04971664604876 -4.551657170221478 -16.154264866693836
3.992836111943716 -4.535343279742675 -16.215103310179234
3.971322801610691 -4.514096690932443 -16.292238970872166
3.9768991067272217 -4.492301780013548 -16.37026195039274
4.014014173099521 -4.472283355381718 -16.44064841869505
4.080553524506573 -4.458507406064689 -16.48744949717695
4.161066 -4.452910540286904 -16.50432928946088
4.242179423055847 -4.456484906294537 -16.488259612373152
4.308593922393457 -4.469132599097744 -16.440202602770526
4.342955547234974 -4.4887087371586 -16.368551196035988
4.345024334912365 -4.510030986329476 -16.291919979856903
4.323399841098649 -4.5309387529721175 -16.21772243873276
4.2709099219429145 -4.548763153514069 -16.155826341726023

/group/right_iliac_branch1/93
93
posId 93
4.131311125377865 -4.632594947777986 -16.152196375026392
4.052452320728926 -4.625976459093016 -16.178130069866185
3.9953813479273896 -4.610014571897365 -16.237081243743347
3.971150569046065 -4.589092444281321 -16.312986517843864
3.9744206491485707 -4.567081030322523 -16.392067266985432
4.0111827307679 -4.546650399095277 -16.464558252521062
4.078933148603554 -4.532564117946472 -16.513393814599365
4.161782 -4.528034816187234 -16.52744795589401
4.243071840648024 -4.532340002106524 -16.509768951159174
4.311388980379433 -4.544791117108569 -16.463141471161325
4.348124313488526 -4.5645594360961415 -16.391048568408912
4.352506105463063 -4.586438931740921 -16.312235729954388
4.328780891898739 -4.607792497024651 -16.23607327142165
4.27199576049824 -4.624805691030477 -16.176414396275774

/group/right_iliac_branch1/94
94
posId 94
4.119124100299932 -4.723611515326888 -16.094847570462107
4.008965334356819 -4.713394432281658 -16.133377676290053
3.9202111179665406 -4.692329333647246 -16.21065377797199
3.87982756615056 -4.662052796979112 -16.320358365878537
3.8855075793489386 -4.629575321199347 -16.437271741710582
3.9389990867337534 -4.59942425257854 -16.54505652043009
4.04118286992767 -4.579906949287713 -16.61377114046166
4.162206 -4.574451127441977 -16.6315338064588
4.279603634822839 -4.581081072930648 -16.605813408649972
4.375174295927866 -4.600059179733238 -16.535949248821137
4.429196935588779 -4.628164111617211 -16.433854749529225
4.443290172911324 -4.6597353356865145 -16.319897034868628
4.413822961461302 -4.691957347636581 -16.204275913404896
4.325400101447517 -4.716152423944287 -16.118494154744287

/group/right_iliac_branch1/95
95
posId 95
4.120657576213827 -4.783815310477719 -16.120332942635002
4.01237264576762 -4.774283578839782 -16.155323055237588
3.9277685711369665 -4.753075321947672 -16.232307493327106
3.8933887210598153 -4.723478443241755 -16.33927675633328
3.9037561892275923 -4.692984511833193 -16.44923358760017
3.9589734269973618 -4.6661782474615885 -16.54563689666692
4.054228457040697 -4.649903841453207 -16.60382130715153
4.162399 -4.643346723101593 -16.626876372863542
4.275768188003288 -4.646529683869862 -16.614762769935396
4.375854849938576 -4.663240933161559 -16.553916333650218
4.422561458432687 -4.692120187657567 -16.449467548342277
4.426754352695129 -4.72254674565492 -16.33967283495432
4.398027768460547 -4.752569917478006 -16.231516454139797
4.3175218410264105 -4.775909214294379 -16.14776168873079

/group/right_iliac_branch1/96
96
posId 96
4.1091429499140295 -4.857183029688279 -16.0650618919455
3.974153030206169 -4.843409391341904 -16.11435403070686
3.87652443403185 -4.815156671057185 -16.216078386726462
3.838160577379745 -4.778914406156795 -16.346867490125806
3.8473667037103425 -4.741963454113879 -16.480379966687646
3.907260134026958 -4.707781021784849 -16.6040655279826
4.023691584725979 -4.6858740748950956 -16.68360149196063
4.162423 -4.678271010310741 -16.711542966524412
4.305842347330016 -4.683369647788985 -16.693617166117907
4.424645805834754 -4.706592173203641 -16.610136485323558
4.475728177599378 -4.7426584600173864 -16.48002674916446
4.478578611427467 -4.779186790812388 -16.348082335840147
4.444241051826197 -4.814973807162428 -16.218688151006976
4.351906752145999 -4.844233449688124 -16.112674193537426

/group/right_iliac_branch1/97
97
posId 97
4.113658931804568 -4.893423337497537 -16.105235187563572
3.992643867298138 -4.879668836991956 -16.153585575847423
3.8971026921452974 -4.855289523594846 -16.240654124916375
3.845964815790466 -4.822143864228721 -16.359937555280414
3.8496278312121426 -4.785707486325256 -16.491752816418142
3.9131762856453074 -4.752906108566767 -16.611111402392297
4.031246410642576 -4.734354463854341 -16.679563112886477
4.162337 -4.731398111218918 -16.691763941043185
4.283757268417823 -4.740775101533934 -16.659249595023564
4.386212259942226 -4.760192420287128 -16.590205817765543
4.454257881037896 -4.789159076705755 -16.486230498926837
4.476744377144834 -4.823938181567736 -16.360709838994904
4.437118019626449 -4.858485059471411 -16.23531399614558
4.337226221545214 -4.882785676608963 -16.146280247086153

/group/right_iliac_branch1/98
98
posId 98
4.082984007497961 -4.977288190679707 -15.928339240020202
3.8778060649782473 -4.957837006866528 -15.994899497898702
3.7159995422222174 -4.916991055558519 -16.139730505376072
3.6358808766615995 -4.860937510917703 -16.341153511390804
3.6446599402652105 -4.800618140240286 -16.55969180791726
3.7511469685478938 -4.746891024067849 -16.756201752784566
3.946001371957315 -4.71671787837156 -16.86910147481969
4.162205 -4.710883456443167 -16.894289615282595
4.369704565651805 -4.723864931025788 -16.851195196469256
4.5500510362779965 -4.756146354963433 -16.737718861302206
4.6615052210453936 -4.806984485942311 -16.555766418685224
4.689310509772891 -4.866049886135333 -16.34245584818812
4.624400727160523 -4.9240504455655305 -16.13125672203478
4.4573817631737676 -4.964981551339457 -15.979933606352132

/group/right_iliac_branch1/99
99
posId 99
4.077941344574978 -5.011174555473439 -15.905734719711198
3.8619256965087856 -4.989210777329076 -15.978853602018349
3.693188216993398 -4.945352475792879 -16.132793256189114
3.6131287868796873 -4.8861787309031515 -16.344947510005834
3.6224678638374894 -4.8234068419985485 -16.57284951119854
3.732070367500402 -4.767460495988454 -16.779029654644468
3.937130363856954 -4.737277463708745 -16.894671689472435
4.16204 -4.73151295285882 -16.92236822563676
4.381825200850863 -4.7437193466738234 -16.884744886256986
4.571470994685378 -4.778729136932557 -16.763522761581754
4.682587385353892 -4.833132349620577 -16.56960524666356
4.713135688606144 -4.894772866796397 -16.34701059502902
4.6427536720467115 -4.9546848680571625 -16.12763510342309
4.470196537908085 -4.9971586654303515 -15.968406761932041

