/group/right_iliac_branch2/0
0
posId 0
4.1589089779387844 -3.0200183980479585 -14.226162467466217
4.268207907671613 -3.018225277688307 -14.187574953306862
4.346676383274953 -3.008508314798384 -14.102744635825344
4.37930679837196 -2.9937149849734035 -13.994598577811477
4.375388919079622 -2.97701626470451 -13.882379510065455
4.3280555681435136 -2.9597121024737367 -13.776558070348788
4.231461037598575 -2.94634751054048 -13.709349526799922
4.1164 -2.939119402356488 -13.688194131159799
4.0001211977607305 -2.937875485721634 -13.707887935312339
3.90551809276336 -2.9450521220959223 -13.779404949297515
3.859231730103452 -2.9590673895371493 -13.885581001955368
3.8508046837309338 -2.975308254639227 -13.997683007436537
3.880270615602023 -2.992754532674431 -14.108789066474625
3.961394467488365 -3.0082162494655904 -14.193951572112898

/group/right_iliac_branch2/1
1
posId 1
4.1588475611866125 -3.021329572518631 -14.22597183254538
4.2681325633859215 -3.019952870065338 -14.187327801971007
4.346591040059475 -3.010600405796444 -14.10244726634944
4.37921729719079 -2.99604225262114 -13.994268024489818
4.375299917138429 -2.9794589403353267 -13.882031805604147
4.327972597705404 -2.962115022832785 -13.776214156608685
4.231390375822272 -2.9484986483460323 -13.70903845816419
4.116344 -2.9409030455515266 -13.68793212991436
4.000080014712001 -2.939240622126977 -13.707682454248086
3.9054889646168975 -2.9460130980473465 -13.779254820314053
3.859208500046468 -2.959748952504687 -13.885469971643442
3.850782527499385 -2.9758325112643567 -13.997594756110486
3.880244704642456 -2.993251645636865 -14.108706090575108
3.9613582192348367 -3.0088918711897543 -14.193845859475989

/group/right_iliac_branch2/2
2
posId 2
4.158701566302199 -3.025520002669009 -14.225601891509186
4.269077548427522 -3.0248479020280308 -14.188376118642887
4.348839445370416 -3.015911096493036 -14.10324837591876
4.381259340216177 -3.0014163379236938 -13.993807703246194
4.37592446585879 -2.9848159944062984 -13.881009208185668
4.326857824691806 -2.967506644981501 -13.776240181109964
4.230874564641019 -2.9536351424875544 -13.70901234834073
4.116167 -2.9454685783933034 -13.686620174203844
3.9997203771983223 -2.94338149879668 -13.706628318463784
3.9057106373622235 -2.9498574950235152 -13.779008971693235
3.8584471049539704 -2.963181683010211 -13.884768054637549
3.850011106059578 -2.9791367118298746 -13.997187098372525
3.880616030963781 -2.9965163943219095 -14.10789263382516
3.961689117802207 -3.0122859394157224 -14.192600820821593

/group/right_iliac_branch2/3
3
posId 3
4.1583793309235135 -3.0323852913309177 -14.224612134568352
4.268736537448239 -3.0321799873376514 -14.187325247382603
4.348484866425612 -3.023655053429701 -14.102142573936952
4.380899246457503 -3.0094235190705714 -13.99266573503091
4.37556527959347 -2.992947330223849 -13.879849002729209
4.326506984949338 -2.9755857902493155 -13.775084709769148
4.230540052212883 -2.9614358748226426 -13.707891604506004
4.115852 -2.9528623928769684 -13.685551648512833
3.999425185450431 -2.950307507522854 -13.705620705918552
3.9054314372213237 -2.9563338477064325 -13.7780609330511
3.85817594461657 -2.969343158285165 -13.883862794508797
3.8497413807349656 -2.9851222252636056 -13.996306771310378
3.88034109956231 -3.0024763921456037 -14.107017741138376
3.9614003953941386 -3.0184453512030673 -14.191701758811178

/group/right_iliac_branch2/4
4
posId 4
4.157846417624594 -3.041771358458574 -14.222908549290496
4.267977395738714 -3.042040423696558 -14.18552216761139
4.345470471009527 -3.0336702899967216 -14.09913347886334
4.375625344657201 -3.019733853097348 -13.99055469414093
4.370144046004 -3.003679456780534 -13.879817799249544
4.324188040727033 -2.986432552489741 -13.775144398430768
4.229916872986246 -2.9718919102882944 -13.706697448976565
4.115384 -2.963046017274814 -13.6854497686536
4.000448387676982 -2.9603403760826383 -13.707446372878609
3.9090469987455196 -2.966065091767845 -13.780225911501786
3.8628700440334516 -2.9785151284298674 -13.884084927508281
3.853176409273213 -2.993756258822839 -13.994524917209011
3.8821607086146797 -3.0108782411217945 -14.104373916350436
3.962106855672984 -3.026955958609358 -14.188718762820633

/group/right_iliac_branch2/5
5
posId 5
4.159170329214064 -3.0554994614903292 -14.233554426243325
4.270542032694862 -3.055296028588345 -14.188613160608435
4.345568399454698 -3.0466236700809186 -14.09781376321261
4.376790829712042 -3.032990994324703 -13.988949091702573
4.375075609007271 -3.017001812723889 -13.876238844694926
4.330561113382957 -2.999161496575091 -13.76711831578922
4.234263975756845 -2.983531701325014 -13.693897581920668
4.114746 -2.9737683784839355 -13.671345744197977
3.996011584903542 -2.9709059956921364 -13.697422814204971
3.905814083127883 -2.977063799125232 -13.776316789844135
3.8614182710346237 -2.989555502968512 -13.882235926008928
3.851063666638101 -3.0046298264137588 -13.993173003957983
3.8772169151834865 -3.0219194214514977 -14.105559735267336
3.9550752985562676 -3.0390799648459392 -14.196836756504693

/group/right_iliac_branch2/6
6
posId 6
4.15793754996719 -3.0693025034406634 -14.22907024318019
4.269613681634743 -3.070011386365171 -14.186459667721305
4.349294218003308 -3.0624925314698697 -14.098535339258689
4.383081107783176 -3.0490437529507686 -13.987703580758039
4.3800375575339565 -3.0327593094418033 -13.872274007230146
4.333395691699561 -3.0145544903949975 -13.76169781252235
4.233228642026329 -2.998886138743873 -13.69216164495342
4.113924 -2.9891154332585628 -13.673073514317206
3.9958786324396542 -2.9853992383416017 -13.696847245202747
3.9014786576472504 -2.990163118162777 -13.771309521617352
3.8558483821270153 -3.0024600189883914 -13.878942235779855
3.8482444251694607 -3.0177229544438218 -13.991596567126537
3.8770388798137865 -3.0350259034591227 -14.103329864714047
3.9554361885817686 -3.0522377151136424 -14.193226682736329

/group/right_iliac_branch2/7
7
posId 7
4.15690088926991 -3.0856494318015275 -14.226805934698948
4.2685448967916635 -3.0869437196369 -14.184125008260668
4.348202512692538 -3.07993268753112 -14.096137997660218
4.381979683520314 -3.066814494652089 -13.98526369386784
4.3789370087621275 -3.0506967981852418 -13.86981072786085
4.332308559671993 -3.032448646728804 -13.759236048056126
4.232170323504923 -3.0164240765051464 -13.689739589497929
4.1129 -3.0061292223818237 -13.670712589921909
3.994888588725048 -3.0018275612019525 -13.69455606742508
3.9005157685135603 -3.0060363554153695 -13.769086157005077
3.854898618749042 -3.0179526819667686 -13.87676720183635
3.8472968491041954 -3.0330037713910607 -13.989450148741977
3.876083020893041 -3.050265354796791 -14.101191947407147
3.9544577783195716 -3.0677003788685147 -14.191065387155755

/group/right_iliac_branch2/8
8
posId 8
4.156722943535502 -3.105021500388752 -14.231023691618155
4.271564521003233 -3.107117980290721 -14.187980796779017
4.351460524464692 -3.1001661893831214 -14.096296915732301
4.384886891827444 -3.0870624268501334 -13.98309683626141
4.380161339069238 -3.070824921614073 -13.86630467534365
4.331866054593888 -3.052417699635226 -13.755753820167703
4.233091647939125 -3.035555601876884 -13.682229824830305
4.111661 -3.0239064733314085 -13.658501057905385
3.9896153635733516 -3.0188038835065387 -13.683142157081665
3.8940924878269154 -3.0229389051565856 -13.76209978646195
3.8495337271935686 -3.034974689580277 -13.873124327807703
3.843473930619932 -3.050126984230085 -13.987437869992302
3.872953864944142 -3.0675109946660535 -14.100050990977444
3.9516265997145537 -3.0853730636384498 -14.191143565482843

/group/right_iliac_branch2/9
9
posId 9
4.157714819428349 -3.127568818353174 -14.24383119732658
4.279743903140446 -3.130736983471596 -14.19969123258943
4.3642999972884775 -3.1239458578477954 -14.102265062281331
4.400482189785845 -3.110517488387211 -13.982310148748667
4.397266483285393 -3.093510032016557 -13.857592937378664
4.34517230370917 -3.073781053711486 -13.739752049040485
4.238284406933381 -3.0556998312995503 -13.664568071686963
4.110188 -3.043125687562371 -13.642112721510417
3.982475164376997 -3.0370697809501124 -13.667927167611186
3.8797466997922516 -3.040210112254592 -13.748281231633445
3.8307836362510526 -3.052312315045302 -13.865463268841241
3.8258365790573334 -3.0683062437746944 -13.987170770847793
3.8601129398814957 -3.086665683616357 -14.104710807090964
3.9434338146186825 -3.1055287962514893 -14.198786047271819

/group/right_iliac_branch2/10
10
posId 10
4.1615137801905595 -3.154634535798739 -14.275616567897734
4.296557491081215 -3.1586876143573797 -14.22450864131246
4.390218145698172 -3.1518427272815415 -14.116220660902714
4.429805484182254 -3.1373624216338007 -13.983040268282421
4.4220753344228925 -3.1186009354410453 -13.846184537056363
4.362661548446132 -3.09705749822059 -13.719604167702343
4.25012088870715 -3.0763548610388254 -13.63150114968443
4.108468 -3.0611314461361823 -13.602340829407655
3.9644850437014094 -3.0531714839341046 -13.629383350687842
3.8490433991508386 -3.0559836526383393 -13.720424186263891
3.798173166387002 -3.0695706819750943 -13.853690579651389
3.793164836678892 -3.087089537812524 -13.988877314620389
3.826456554521607 -3.107441865076638 -14.12227260848457
3.9195808656562043 -3.129142426667305 -14.229647961375655

/group/right_iliac_branch2/11
11
posId 11
4.160247677301008 -3.178916778339172 -14.277186265955649
4.299496887765824 -3.184591790019012 -14.228820020382516
4.394503379440863 -3.1781564648271905 -14.116877293024032
4.430828762434149 -3.163425291739098 -13.98009512286327
4.41873269606073 -3.1445089135649478 -13.843191061457032
4.35864458736173 -3.122979216626527 -13.717921050488355
4.247873832671397 -3.1017802725717885 -13.628608208576086
4.106483 -3.08548407557035 -13.597038820990454
3.9604578597911453 -3.0761216417377035 -13.621631543278058
3.8422990957071486 -3.077900100216537 -13.713175525876292
3.791949517398332 -3.0913557297589587 -13.849436871530724
3.7875254668573675 -3.1088677690775506 -13.986479658413142
3.8221569357167176 -3.1293994356841495 -14.120893734871506
3.9173301836715306 -3.151477147483066 -14.227223246518273

/group/right_iliac_branch2/12
12
posId 12
4.151066184148516 -3.1978169260827887 -14.230709785353959
4.27418619611103 -3.204108843988096 -14.191133079607011
4.363304639263368 -3.2000945542779906 -14.095775677657103
4.394519922829069 -3.1871360072236308 -13.972433782221733
4.381810927561874 -3.1702860566332585 -13.850390952340483
4.324134812872473 -3.151127599905197 -13.742720903773364
4.224683074037184 -3.132739510458807 -13.671098388351211
4.104219 -3.1182364581047595 -13.64483717910895
3.9790527272046248 -3.109089135342754 -13.663655153205713
3.872512427447613 -3.1087605754285104 -13.737733292296321
3.8227679084394093 -3.1193248908938007 -13.855763367314436
3.821442633101216 -3.134917086322033 -13.978109068675627
3.854383113287091 -3.1530937787160203 -14.095928365152716
3.9378385290306963 -3.17284216967445 -14.189647862392995

/group/right_iliac_branch2/13
13
posId 13
4.145271765402642 -3.2214479002087693 -14.207210672361642
4.259675739222056 -3.228079822799514 -14.16993867758365
4.3447966875171655 -3.2254857270909993 -14.082546775304197
4.372946961376637 -3.2136351615135976 -13.966533292197637
4.362376727156845 -3.1981323874566137 -13.851980003084929
4.312107517783339 -3.1799485473036735 -13.74735105835567
4.215363952437265 -3.1621518877219343 -13.682280841720644
4.101659 -3.1482275148233057 -13.661214472372945
3.9861726745463906 -3.139305939741712 -13.68119179799818
3.8903847037533454 -3.1387279771843364 -13.751821988871557
3.8420106753561187 -3.147422491232286 -13.858704311495657
3.837877217743388 -3.1613229332732535 -13.972104780599452
3.871343415199967 -3.1782972140118373 -14.080341791145402
3.9488246887191276 -3.1967754566600077 -14.16593752310252

/group/right_iliac_branch2/14
14
posId 14
4.1418907685525115 -3.2487562199290863 -14.200740762721404
4.2552081142719445 -3.256265032363696 -14.16417265219477
4.339685920518077 -3.254527877313667 -14.077656404136691
4.367781773126054 -3.243269839096001 -13.962602799217356
4.357798156004564 -3.2281165693796656 -13.848754465072377
4.3065882730746905 -3.20994067560624 -13.745860667389307
4.210110140381246 -3.1920000659874654 -13.683708197442533
4.098788 -3.1776301744711186 -13.66313776933878
3.9849718820359543 -3.167770704917358 -13.681144251552695
3.8883978850159346 -3.1659154073076583 -13.74901783320334
3.839529217034668 -3.17389264049581 -13.855391019629916
3.836747662730388 -3.1876034495722134 -13.968539203575968
3.8701718721793648 -3.204459990129565 -14.076035004029254
3.9470136354195517 -3.223156242589106 -14.161140067975609

/group/right_iliac_branch2/15
15
posId 15
4.138538375305295 -3.2774681084077075 -14.196475241776474
4.250394962813696 -3.2855772045764082 -14.158338331693985
4.332092997803245 -3.2843369901309134 -14.071393259883296
4.360895319864939 -3.2739233971902735 -13.958441428928868
4.3530864675533 -3.259330959981806 -13.84539401734025
4.301307446331908 -3.2411204879404525 -13.7437874571282
4.205489476897522 -3.2228365052270567 -13.682926778244614
4.095589 -3.2081495938471614 -13.66496342144836
3.985000102079469 -3.1979192523050033 -13.684410828097953
3.888433489667878 -3.1946537211256936 -13.74814738951182
3.8370377191551324 -3.2014041428821884 -13.852095109920155
3.8331456520200855 -3.214675369705815 -13.965230328185
3.864584332397922 -3.231475075492789 -14.074298270915998
3.94105071609892 -3.2508269687308378 -14.162139667602867

/group/right_iliac_branch2/16
16
posId 16
4.13798730340864 -3.3098615379373904 -14.212018945220278
4.258993441879383 -3.3200153253204814 -14.173140247127325
4.35007143376432 -3.3202119009897264 -14.081028285153407
4.385449455217555 -3.3099637888774645 -13.958102300862729
4.375538826961771 -3.293972999518401 -13.833331631961496
4.314065863395497 -3.2736795331935014 -13.725330171478298
4.210033675941429 -3.253369705237978 -13.661008325856413
4.092047 -3.2365774450485194 -13.640744542181535
3.971982999066257 -3.2241931339918777 -13.659825936150348
3.8642937388818774 -3.218983721241131 -13.726728232061495
3.80644456463326 -3.2254428197303926 -13.840807710011193
3.8030369360873926 -3.239836183705502 -13.965806983933062
3.8394215208014835 -3.258384938907815 -14.084912016270852
3.9258528553879075 -3.279807529287559 -14.176747736590215

/group/right_iliac_branch2/17
17
posId 17
4.1346346549982576 -3.3409124119632176 -14.212224618433693
4.255983066738306 -3.352024114055835 -14.171097420066078
4.348242387246821 -3.3534140944855304 -14.07873301201455
4.391064976824569 -3.344774025406976 -13.955486889636575
4.383018943565978 -3.3287406114150273 -13.825803130477858
4.3237041967492855 -3.3075198069367264 -13.709229618787957
4.2155419723448215 -3.2849258509900503 -13.636043373872347
4.088147 -3.2662947152225748 -13.618922932870042
3.9624390301038703 -3.252705314331706 -13.64353577272509
3.8529737350638222 -3.246834275600596 -13.716580767514529
3.7941579217730066 -3.2528080702399857 -13.834844297983144
3.78844216757678 -3.266985161040186 -13.964031567818958
3.8276470830457514 -3.286286583396365 -14.08674589040009
3.9207859952626234 -3.3087003212075476 -14.175371812046995

/group/right_iliac_branch2/18
18
posId 18
4.13316375373223 -3.374542541142488 -14.226775340590084
4.262103519804726 -3.3877399821567127 -14.183421632168534
4.358458886646266 -3.390085769704297 -14.084122536182369
4.399149132983105 -3.3810814881327698 -13.95322898970005
4.389366822813192 -3.3645723226407456 -13.8184889554307
4.328037868385661 -3.3423793579526135 -13.6974507564209
4.215648069717516 -3.3181696969215024 -13.622147769770764
4.083871 -3.2974811842094933 -13.602365501762787
3.951540266173939 -3.2814842004967586 -13.625031039181284
3.8362475047246285 -3.273983388673613 -13.702066919760586
3.7778678591513795 -3.279933950736917 -13.827843503597508
3.7737830136055304 -3.2944620541335596 -13.962246589893352
3.8131986355661427 -3.3143535559857895 -14.090131578736656
3.90635928871344 -3.338387852219041 -14.187857011553245

/group/right_iliac_branch2/19
19
posId 19
4.128094676726456 -3.405953952630023 -14.221182574087639
4.255695029889468 -3.4203821817207443 -14.177599106415222
4.349817335440704 -3.4237036847916125 -14.078240948997527
4.389750922329085 -3.415622675515558 -13.948964908717027
4.37848323058486 -3.3995032366789015 -13.816532072643113
4.3171673288071615 -3.3774730189112607 -13.698883666288252
4.2085188263825914 -3.352928581144164 -13.623453923696195
4.079205 -3.33099838201339 -13.60053266171491
3.9473342825577227 -3.313521572516403 -13.622021280350202
3.8337221330476856 -3.3049531931358342 -13.700100654590015
3.7778453948503032 -3.3102291608995307 -13.825621160396631
3.773748285982314 -3.324059599135431 -13.958237869510398
3.8114813877266536 -3.3435522653234786 -14.085125868135608
3.903517423208095 -3.3679442958403283 -14.182074823730792

/group/right_iliac_branch2/20
20
posId 20
4.122941543905336 -3.438032013888314 -14.217769053315553
4.25033014323152 -3.4539793352535786 -14.174095589519892
4.344296252041623 -3.458667394129997 -14.074644681160487
4.384163568813721 -3.4514850869764566 -13.945295110926093
4.372914575896731 -3.435730367401058 -13.812816757729145
4.311700428362952 -3.413477497376068 -13.695157226805808
4.203232229022846 -3.388051546285825 -13.61975996341997
4.074133 -3.364827440594927 -13.596903586186796
3.942481123099237 -3.3458669178320597 -13.618475972634833
3.829057513886876 -3.3358022142035284 -13.696650884535334
3.773273503596662 -3.340023356300094 -13.822252555287028
3.7691831939145777 -3.3533246936202192 -13.954923631561316
3.8068536772658508 -3.3727549207190104 -14.08183985235486
3.8987369781885195 -3.39777269069326 -14.178774261579047

/group/right_iliac_branch2/21
21
posId 21
4.1182130797278 -3.4710535336503963 -14.219922159631922
4.247752093027395 -3.489004036017602 -14.175621974533033
4.344577359732326 -3.495592982161334 -14.075042585967703
4.386746342984074 -3.4895086276031626 -13.942770011155728
4.375139596647692 -3.4737114976445653 -13.806548687351068
4.309781480043089 -3.450384443839008 -13.687904384264193
4.198875336041791 -3.4236017711680105 -13.61305587079511
4.068639 -3.3985889972109424 -13.588771182103754
3.935458033854814 -3.377782146117838 -13.611081355040836
3.820184775111813 -3.3658009194062766 -13.689949794227633
3.75974307680016 -3.3681415458008312 -13.816499858716607
3.754350047869001 -3.381045076231363 -13.953220116991
3.7958602727505646 -3.401324416118295 -14.082558674662394
3.8917943103944204 -3.4276316149019097 -14.178328567499367

/group/right_iliac_branch2/22
22
posId 22
4.124328654264216 -3.5132276911247233 -14.294239298597857
4.284009257833125 -3.5374052288716427 -14.23692099568063
4.399621832029533 -3.5466171548830943 -14.109776798659379
4.451701546645268 -3.5406367103384255 -13.94788798441176
4.447596646908221 -3.523385309256845 -13.777623566669181
4.374314628622827 -3.4945122157412833 -13.620340824782481
4.230874802054177 -3.4584507914930667 -13.523708882513299
4.062707 -3.42499286264449 -13.501505369944773
3.8984656279265697 -3.397988196423241 -13.53839623091202
3.760886520843407 -3.3822089940110684 -13.639952480664736
3.6861605756056117 -3.383190737836721 -13.793758929126989
3.6707347312369523 -3.3966338224230324 -13.962244340213323
3.7143602346017928 -3.4209308234436486 -14.129286976858769
3.837777075720448 -3.4556403488701717 -14.250453900309612

/group/right_iliac_branch2/23
23
posId 23
4.122043385231546 -3.5487483121876275 -14.31850280824101
4.288426504665762 -3.5758874769279667 -14.251153451332991
4.400307956642099 -3.5854539299489505 -14.111534875331424
4.43803884478779 -3.5775816524964577 -13.943875375280282
4.43442774170159 -3.5614191980028362 -13.776146133784723
4.374756373014872 -3.5341723551335518 -13.610030122299687
4.237670042483256 -3.495621481640335 -13.48962711625544
4.056321 -3.4570910852780803 -13.465799889122282
3.8862325428548927 -3.4281121296152577 -13.52122759134515
3.7520897981657297 -3.4116157948927044 -13.634018941545536
3.675183530332105 -3.4104813298213736 -13.78910749118659
3.6548358468848514 -3.422218789654956 -13.960917971272714
3.7022857121898567 -3.4473553237438184 -14.130711823405255
3.8226399382348495 -3.483564309146532 -14.262095680744572

/group/right_iliac_branch2/24
24
posId 24
4.111700931409284 -3.5780758128774606 -14.294649963469098
4.271826621304573 -3.607439504070848 -14.234528699486988
4.3839621223623455 -3.6202714348493252 -14.103344692930502
4.429564816375238 -3.6160112848407553 -13.940782739996427
4.423027398548818 -3.6001350051247565 -13.77412277310006
4.355961447538703 -3.571997373207232 -13.616803971295447
4.217862576733151 -3.533289629507898 -13.514451680158157
4.049466 -3.494843306244912 -13.490503306806508
3.8843844754631736 -3.462453803436712 -13.528092920971245
3.7489240405538435 -3.4423384176334944 -13.633397513545997
3.678892666939487 -3.4407084475542855 -13.788880667210506
3.6634996538359386 -3.4518748583723595 -13.955844201102527
3.7043574951891887 -3.4751873624448133 -14.122782984431156
3.8231771832379025 -3.5117974385252695 -14.2489395061027

/group/right_iliac_branch2/25
25
posId 25
4.099641868417795 -3.606240723900883 -14.263148500171864
4.244527856291924 -3.63511891234185 -14.202593310785723
4.341252394378099 -3.6476894730807286 -14.0793404977354
4.380751070710465 -3.6450635241991147 -13.933204681452846
4.372578223547734 -3.6311445932418946 -13.784876599403354
4.310740278289939 -3.6055939687625727 -13.647429159498001
4.192421048431453 -3.570212289917622 -13.551202402018049
4.042125 -3.5326235889689346 -13.519784013620477
3.890119451824313 -3.499872956727599 -13.553022743663911
3.769500487941985 -3.4799268133109313 -13.653999223778127
3.7101475199189067 -3.4776562329942906 -13.796836379478675
3.6980925554297657 -3.4869880717069472 -13.946761749278467
3.7350640652303526 -3.5076806006134422 -14.09581459193587
3.8392364848104563 -3.541295150849359 -14.21095004773129

/group/right_iliac_branch2/26
26
posId 26
4.096627688766794 -3.641101935412179 -14.293682449908461
4.256293282994012 -3.6767603083453055 -14.231777117516568
4.37085114948996 -3.695924161410371 -14.101250117843412
4.417251582844441 -3.6953265417311174 -13.936262766554378
4.40713724851836 -3.680227612387652 -13.767976125790113
4.335570085648319 -3.6506777091748543 -13.613770699434095
4.200209708285771 -3.6088970876506767 -13.511341542550253
4.034283 -3.5648306365629208 -13.481660970478314
3.8690431781532086 -3.5259412688065344 -13.519090508147862
3.735632954719661 -3.500362589028877 -13.627360681237295
3.6654987802259256 -3.4942843556958567 -13.783104057094604
3.6507135449068464 -3.5030498652804294 -13.950683344232434
3.692514791206041 -3.5260167900851926 -14.11729719862269
3.8085620321069786 -3.564879767367139 -14.245931741065023

/group/right_iliac_branch2/27
27
posId 27
4.084379122640491 -3.66887738141338 -14.26842704584035
4.234285138888449 -3.705969270995836 -14.210431000536923
4.342488755090608 -3.727293127903927 -14.087707848252377
4.385699914064574 -3.7285912039018867 -13.931600126384724
4.374004385457624 -3.714724928445998 -13.77331156859591
4.305401733304307 -3.686313113957657 -13.630143003400974
4.179938363796069 -3.645538648263554 -13.53429675445763
4.025924 -3.6014201558297017 -13.504702355310215
3.871151257902654 -3.5613485942856027 -13.538235934819657
3.745780433916127 -3.5339040821275773 -13.639809871137194
3.6812621239409666 -3.526183051170854 -13.787084359331626
3.6701134115800143 -3.5337205232172564 -13.944174906854336
3.7098820498449943 -3.5550299571686597 -14.0989758112551
3.81595564745502 -3.5922401087416076 -14.220625074631894

/group/right_iliac_branch2/28
28
posId 28
4.078661822511188 -3.7008592389556916 -14.289893014563189
4.236494073540307 -3.7441286995666476 -14.228138487633755
4.349736541522595 -3.7700581486497287 -14.097632389164913
4.395604186837855 -3.7738996782424237 -13.932539836955902
4.385605989279559 -3.7609278971881563 -13.764069057419967
4.314860588742787 -3.730723410431511 -13.609611569853
4.181054472511644 -3.684837505650176 -13.50689751434709
4.017033 -3.634285992578445 -13.476964911713807
3.85369052682688 -3.587923422338477 -13.514211374233822
3.7218121720897335 -3.5551284607738562 -13.622412865478037
3.6524833057926998 -3.54375920872213 -13.7782203248829
3.6378678403650975 -3.5493676292710505 -13.945949728511573
3.6791891083011037 -3.5715570820699303 -14.11278840956558
3.793903849105237 -3.6133211023528986 -14.241708584951587

/group/right_iliac_branch2/29
29
posId 29
4.069738310706255 -3.7298940445600297 -14.295026886385827
4.22571738349131 -3.7770881209331595 -14.22747413909327
4.339466856261557 -3.807455144525391 -14.097634527461553
4.390615112268652 -3.8157370153260644 -13.93235039144997
4.379828355907319 -3.8036117499634843 -13.760709135461925
4.306547475749071 -3.7720204572769753 -13.605043413445133
4.172588472209797 -3.723297223196068 -13.500074321151812
4.007592 -3.668268980112516 -13.46994538690747
3.844858256462868 -3.6175338841573175 -13.51063302034202
3.7149796484636273 -3.5809308136822633 -13.620480316450882
3.6473282856328857 -3.5668254634812473 -13.776394005909925
3.630482646234348 -3.5697792183908206 -13.943869208640406
3.6667506778038645 -3.590117520160538 -14.114487685075567
3.7804765242169456 -3.633763904179868 -14.249011846570536

/group/right_iliac_branch2/30
30
posId 30
4.0536536749444325 -3.753559612714792 -14.257261649673966
4.194301680705054 -3.801048136136399 -14.19592481804271
4.294384820604035 -3.8318071629780945 -14.07627462554404
4.339228074323103 -3.841770722322555 -13.926985170949363
4.330940090594769 -3.8326393439927453 -13.77190810474481
4.265776477612273 -3.803861653261753 -13.6305397003371
4.146298386286417 -3.75757043550808 -13.533537233407317
3.997588 -3.7035964884617045 -13.50409170281316
3.8507756166090834 -3.6529902644931798 -13.54214806543512
3.7354572408524107 -3.6160979128050603 -13.643653043840017
3.675478772759414 -3.6004341289382045 -13.784759972124643
3.6596258266837847 -3.6008441009390175 -13.936070955864118
3.6906982727014364 -3.6180805612103986 -14.091538374554327
3.7928379991320984 -3.6592523245295383 -14.214511779740294

/group/right_iliac_branch2/31
31
posId 31
4.036263719236596 -3.775845920525198 -14.214949722273772
4.160877284562602 -3.8230190801221617 -14.162500682514475
4.251300598292795 -3.855362227946587 -14.057067222354565
4.2907078649773185 -3.866977959019551 -13.922586292043855
4.285192887224717 -3.860899410135029 -13.78242380007821
4.229698637039814 -3.835573090363343 -13.651592484710442
4.119847365486132 -3.790309669188006 -13.566491356277668
3.987003 -3.737937879664419 -13.548042296363686
3.8585764502813946 -3.688696291253236 -13.579781841068458
3.754310142669091 -3.6504159759059474 -13.666163097142158
3.6995248988155054 -3.6325630856771793 -13.79227341393595
3.6851432047821664 -3.6307769861633625 -13.928933651183154
3.71396380877412 -3.6459453319553 -14.068831117804134
3.805393270215812 -3.6847188617496447 -14.17895845202538

/group/right_iliac_branch2/32
32
posId 32
4.028148071178043 -3.8023515526458174 -14.240593176979898
4.163266422029066 -3.8599048214632496 -14.18923147270416
4.254975779771406 -3.8977774154852933 -14.07045315984911
4.289259410871753 -3.9105081727632913 -13.925473951030972
4.2797661270024365 -3.904347873438081 -13.779910818636065
4.222880900709696 -3.87789098219654 -13.644600957219723
4.112312628686406 -3.8289000967147873 -13.553105075339255
3.975822 -3.769602551390612 -13.523254441635284
3.8375336987205753 -3.7103394304542556 -13.550476840916533
3.7248664342722746 -3.6630676454987854 -13.643941249351036
3.6705118293236394 -3.64159817846374 -13.783192312694817
3.6641984901044515 -3.6409443499180068 -13.929031293408656
3.698631530737204 -3.657832667917801 -14.072514227583355
3.790379244532937 -3.6990488776175607 -14.188211183365867

/group/right_iliac_branch2/33
33
posId 33
3.9232835241294612 -3.7818094773565187 -13.595617875338695
3.814874862042606 -3.729752182916971 -13.630226676913388
3.730873149692557 -3.6892890495655557 -13.718265489450756
3.69556341761613 -3.6721055017329074 -13.840374840576198
3.704776803043444 -3.6762630941679904 -13.967053546838377
3.758803088772884 -3.701939218140209 -14.079619427328716
3.8552465589137053 -3.74805004182079 -14.146470375613914
3.96403 -3.800178157926363 -14.164802262009328
4.071926172677676 -3.8519602289563397 -14.144517747176558
4.167848877160427 -3.8980943107278128 -14.07865862451348
4.222605395356063 -3.924581143330208 -13.967338610998095
4.23107256550599 -3.928901113965193 -13.84111699908401
4.195753522732786 -3.9122139889645937 -13.719722866569885
4.111536745652077 -3.8720066152942145 -13.633288788709248

/group/right_iliac_branch2/34
34
posId 34
3.9144160399325094 -3.811075857880748 -13.614539216735974
3.8166104384657045 -3.7580634686078076 -13.647837494843486
3.742793800434546 -3.7168602888215156 -13.73013100878018
3.711907350192946 -3.6980091093861955 -13.841734565835061
3.720650285635307 -3.7002738642110193 -13.957279015283317
3.769880719515962 -3.724479998797382 -14.059210376537655
3.853981609669531 -3.7681175863646827 -14.12383034452893
3.951613 -3.8199194171704502 -14.144059972903348
4.048461006838864 -3.8721422834867005 -14.124045571300051
4.131846725151485 -3.918046289666403 -14.061765946642184
4.180618175793608 -3.946222544817553 -13.961746335735299
4.188785374223051 -3.9529772351779986 -13.847446141374181
4.157736286363226 -3.9386808678864202 -13.73668281304147
4.084083935144226 -3.900984927040311 -13.655171119555659

/group/right_iliac_branch2/35
35
posId 35
3.900397058144414 -3.8375711878732575 -13.600810006169361
3.8002063452901313 -3.7766873118592486 -13.634982873278705
3.7286800530019812 -3.7305674046484247 -13.72355098270795
3.700287579505559 -3.7089558833369423 -13.838575826766771
3.704632880430282 -3.706603016717058 -13.957794090252174
3.7501284773016383 -3.7290248503050916 -14.06857279599466
3.837256695999013 -3.777844271764819 -14.138603947404842
3.938597 -3.8371338589092003 -14.15946203109149
4.038119857045529 -3.8970590603371074 -14.138879950217891
4.1243198906019725 -3.9508691763200745 -14.074959277922076
4.173817222037011 -3.984602484220866 -13.969733941433923
4.180735332838137 -3.9936725958230523 -13.84975113292525
4.150415704875272 -3.980526460450644 -13.732501397640211
4.0764153064339474 -3.940314682860781 -13.642761147885647

/group/right_iliac_branch2/36
36
posId 36
3.8953010222670197 -3.8653011875100427 -13.657980518182352
3.8185247836399983 -3.813198015146858 -13.68621860988899
3.7635647402762067 -3.7727895044920294 -13.755356234159697
3.7425863888315325 -3.7532805215095038 -13.845994497979833
3.746036197427418 -3.749583180126243 -13.939698962518857
3.7780721507143356 -3.7648310972335297 -14.030035480457418
3.8460158808782006 -3.8057177893020557 -14.087183808700983
3.92503 -3.8564474016249823 -14.103612046889696
4.002760859356715 -3.9082258716828266 -14.090318945897112
4.068297755242362 -3.95448066983678 -14.038233765101625
4.103824732247879 -3.983085339939821 -13.954473721368549
4.109803393659519 -3.992955222735803 -13.86085544352109
4.085542479374399 -3.982871134749512 -13.769430215770225
4.03034180195223 -3.9512955899274815 -13.697163563298233

/group/right_iliac_branch2/37
37
posId 37
3.880346383868253 -3.8899355981652826 -13.645722176342549
3.7999947829522287 -3.829835094967652 -13.671551971712178
3.740665270387552 -3.780894261773876 -13.742738681271375
3.717511631515125 -3.7556804439501565 -13.840334871335799
3.718419588951 -3.747308706901005 -13.943386993595643
3.752430483698559 -3.7629417522922792 -14.044420689554135
3.827925472047055 -3.812114541670804 -14.103448778443447
3.910958 -3.87046729908143 -14.119609405072639
3.991423291832275 -3.929513770363452 -14.106749113610903
4.060232227506248 -3.9836836667477846 -14.05376717623803
4.097970850118116 -4.018614125114168 -13.965098343514498
4.103910206626597 -4.031691827092461 -13.864590617458829
4.078435298302981 -4.02198576713913 -13.766038657104906
4.020499497401148 -3.9871184104744106 -13.687987300663469

/group/right_iliac_branch2/38
38
posId 38
3.860782854933196 -3.9149364015895887 -13.599459132365142
3.7687246665502743 -3.8388865414099205 -13.631196226250681
3.7045866944658927 -3.778618874012404 -13.717523674374112
3.676828534073941 -3.744061736049682 -13.829603615272813
3.6785549451311814 -3.731788502413152 -13.949801472876755
3.7199995673509263 -3.7513001792655234 -14.065358015279017
3.801361397230712 -3.806629233841171 -14.142098370609693
3.896428 -3.8784909658750846 -14.168165983206494
3.9883543109880017 -3.9529142153846424 -14.14985618368679
4.0652231041412366 -4.020497462049363 -14.087368022289821
4.107989214200996 -4.065735737602991 -13.98525374705002
4.116062095896956 -4.085352681890617 -13.868304260123406
4.0895942607183 -4.077893931196124 -13.750401560971843
4.022678328249181 -4.035896994780552 -13.65635190964749

/group/right_iliac_branch2/39
39
posId 39
3.84218813678633 -3.9411577507615503 -13.561957535530155
3.7430675300596667 -3.850883730751202 -13.60011659291592
3.679781568707909 -3.7825453802877673 -13.700324568012402
3.6546685570066484 -3.743869685689252 -13.822008218631233
3.655574658099121 -3.7265760673252215 -13.950082040145805
3.6912784690807667 -3.738543197620526 -14.081991703869072
3.7764056304965052 -3.7980891877968825 -14.176683177786153
3.881489 -3.8831683745657557 -14.21153933973695
3.9841466895067374 -3.973511451860196 -14.194361710636262
4.065270234040981 -4.053619992019505 -14.119007232163995
4.1050793298439405 -4.104161377316115 -14.002430577326784
4.112759656966751 -4.128647769852678 -13.875497423252577
4.0891631128144255 -4.126997463338822 -13.74395809700768
4.021201275896618 -4.084796035002192 -13.63052936300805

/group/right_iliac_branch2/40
40
posId 40
3.8351587283575315 -3.9626056377535113 -13.624994586254681
3.7559326001813025 -3.884620390219163 -13.651378733876461
3.700268648107462 -3.820148186725503 -13.726668419609503
3.679297169901846 -3.7832623822747586 -13.8288804289925
3.6870288827772946 -3.7722067405613524 -13.935741858379863
3.720150070807316 -3.7852480980813503 -14.039394096830646
3.7840130508032783 -3.8306605011112183 -14.120433741235933
3.866186 -3.9006348520218324 -14.15704039396215
3.9505718430683707 -3.979672085027179 -14.152546884203305
4.019843368365381 -4.053848390051561 -14.094361250213911
4.050331951754923 -4.099315029892827 -13.993595054886814
4.054941356269678 -4.121892780230452 -13.88629218360626
4.035860841804791 -4.123159516368446 -13.77510694793978
3.977795955941512 -4.0850568079239284 -13.682741797080443

/group/right_iliac_branch2/41
41
posId 41
3.8164096141319144 -3.989119071612787 -13.591825312920111
3.7284433919051136 -3.896142394269653 -13.616858964469163
3.6659384396175345 -3.817005144661381 -13.699442122224376
3.642128771264745 -3.769834927082867 -13.815288596501153
3.650131209748933 -3.7530394112891865 -13.938188362978073
3.6872737014381785 -3.7658777656916578 -14.05857481019091
3.759500769329121 -3.819238531987795 -14.151928191903869
3.850569 -3.901752948905356 -14.19412253138944
3.9432368496004226 -3.9947336928053145 -14.192363030963373
4.021035568574386 -4.084706275380076 -14.13184488780583
4.0565031510223495 -4.142884308068699 -14.019194568314855
4.060324885742616 -4.171542710407245 -13.896076297602116
4.036404408569127 -4.1730305436966235 -13.770186959982084
3.9722742659540886 -4.130154607971092 -13.664979056288901

/group/right_iliac_branch2/42
42
posId 42
3.798538294883297 -4.016173592407405 -13.56807222966653
3.706605943865185 -3.9115270383487863 -13.59427228706449
3.6422181079327 -3.822021317749212 -13.681781306271503
3.6176520697214114 -3.7668791924968605 -13.804716311312582
3.6253652352959604 -3.744284825841276 -13.936349035245467
3.6633544170185326 -3.7542298765923414 -14.067559349829956
3.7389756462101085 -3.81090925713712 -14.171418292782274
3.834683 -3.9018841372678477 -14.22079042382483
3.9320629576130353 -4.005807414572379 -14.222574261469399
4.013088345371796 -4.1074043597174175 -14.159531665848423
4.048859672932893 -4.173933576863362 -14.039238118260062
4.05242722552317 -4.208498530145564 -13.9081026329557
4.0286338518721605 -4.214799612062317 -13.77247528954317
3.963794475660151 -4.173262224597937 -13.653305446928677

/group/right_iliac_branch2/43
43
posId 43
3.7841003313707526 -4.039480295034221 -13.578522188259184
3.6971067194498892 -3.9338094235219097 -13.60204438259335
3.635846215842394 -3.8418371544081724 -13.684043895985733
3.610084605871377 -3.780981847723756 -13.801175983562672
3.6183844378026793 -3.7557284930594337 -13.930609114866606
3.6569437387556407 -3.7655148277089143 -14.058256579923606
3.7285836530068193 -3.819880022644397 -14.160577787721218
3.818576 -3.9089295556366848 -14.211758702232146
3.910371707019946 -4.012028251817389 -14.218260515481008
3.987592749538173 -4.115304675838451 -14.162067180943168
4.021871722928463 -4.185251491743956 -14.047307033593805
4.025610396680493 -4.223614432163786 -13.920259095908689
4.002699973000082 -4.233027879996594 -13.787668045515128
3.940915761017004 -4.194076900201199 -13.66985329765459

/group/right_iliac_branch2/44
44
posId 44
3.7697394274490232 -4.061243530323776 -13.593419187743681
3.687166938728714 -3.9559141523181123 -13.611281441408291
3.627715397719681 -3.8613067613072745 -13.686073223250009
3.6028722259439574 -3.7970798683495706 -13.798796074650395
3.6091144352665534 -3.76626353549004 -13.925388337744506
3.645788357752485 -3.7719668490059717 -14.052982651433384
3.7161431290709244 -3.8264427398131873 -14.154124444329128
3.802296 -3.9149274932160987 -14.206131153650873
3.8890592493835476 -4.017476013824222 -14.214174270222554
3.9606931655003828 -4.120219017202292 -14.16117577525119
3.99649272130907 -4.195429854917618 -14.05595429852256
4.001727822116187 -4.239101382309731 -13.932769287421815
3.9774137305350097 -4.249000356212741 -13.803042020730436
3.917873684340752 -4.211890350240663 -13.687780228990562

/group/right_iliac_branch2/45
45
posId 45
3.758822983324674 -4.074192435642147 -13.645427640915532
3.6914668380871927 -3.983238438861964 -13.660736267874663
3.6451836209642052 -3.9029218956405733 -13.723945939494627
3.624318576865908 -3.8456837598607274 -13.814630903049034
3.6277156018586267 -3.814737349897755 -13.918935341882024
3.6590083342516504 -3.8186961275799938 -14.025072011170497
3.7170469069862775 -3.8645875419969156 -14.107929792892602
3.78589 -3.9370015789382022 -14.15304538686125
3.8551113070763092 -4.021949279414743 -14.162521901462194
3.914969620619917 -4.110244224518981 -14.12684079229946
3.9466580323177363 -4.178833145009912 -14.043349347780682
3.951179254393195 -4.219472258810097 -13.940201350881866
3.930516805329174 -4.230236595562634 -13.830558741491167
3.8813106201075422 -4.2009500333972145 -13.731859946881618

/group/right_iliac_branch2/46
46
posId 46
3.742967719661018 -4.094361159443363 -13.652567310768761
3.6774834010638076 -4.002415260845745 -13.66546467163357
3.6324557510507463 -3.920102152510058 -13.72552210877016
3.6127351485215273 -3.8608601727218512 -13.814011891521874
3.6162155980873116 -3.8273836975431963 -13.916195013420465
3.6450933197976076 -3.826153366361009 -14.022530243389419
3.701483660861935 -3.869170976298508 -14.108383197389806
3.769405 -3.9422369147378284 -14.154806455029478
3.836961516314821 -4.027880632179467 -14.1662015863831
3.8952756603671466 -4.117648086931592 -14.133562269947904
3.925579794119197 -4.188272864341001 -14.052312525921705
3.9286864824130814 -4.2301424588889915 -13.95112685850123
3.90787411847933 -4.242370832387214 -13.844078477606274
3.8611822174128863 -4.216884463535269 -13.745820922326812

/group/right_iliac_branch2/47
47
posId 47
3.7263990961508724 -4.1151048644049535 -13.654640758227217
3.6606762273348026 -4.020463791675889 -13.664412443925231
3.617147957774225 -3.935680820562436 -13.725234082590703
3.5984853494944153 -3.8742374409113345 -13.813015426514092
3.5995237224813907 -3.834530757343939 -13.914177765678929
3.626955608625631 -3.8279004236135363 -14.02353982068629
3.6841441180801087 -3.870340469285928 -14.113180591043669
3.752888 -3.944623195775037 -14.163718904504355
3.8208129263777177 -4.0332272236622275 -14.176262575584746
3.876685979488197 -4.124664005405343 -14.140956552183447
3.905734714125992 -4.197109604152125 -14.06135356382134
3.911665392481334 -4.245333288843448 -13.962888970568098
3.8944546321536984 -4.2661864770071025 -13.853225903667555
3.847641061720647 -4.244140760278273 -13.748630078208027

/group/right_iliac_branch2/48
48
posId 48
3.710535927812781 -4.132738273159426 -13.665248699818894
3.6459677520578255 -4.038661842612696 -13.670955220342448
3.603531977810684 -3.9529631902984215 -13.729133984406705
3.587301905164557 -3.8919956501316757 -13.815668107028445
3.589416117753831 -3.852160481387515 -13.913339985278496
3.6158703459614396 -3.843363929845899 -14.018950876007457
3.670229535697135 -3.8814540355731943 -14.107892088146272
3.736387 -3.951831725976953 -14.161364593433834
3.8025869881674668 -4.038829646793949 -14.177076167764488
3.8568112125912637 -4.130012720081144 -14.144515116237502
3.8856564405770535 -4.204079587830575 -14.068908285120367
3.8909026820236354 -4.253608604093026 -13.97293547698941
3.8724978317676513 -4.274240930936979 -13.866367470032358
3.8269354225418906 -4.254049058940306 -13.765062243564651

/group/right_iliac_branch2/49
49
posId 49
3.6942242145487247 -4.150373036725839 -13.672330985393002
3.629968967245155 -4.0559686151123815 -13.675656250899998
3.5877388571810767 -3.9687435032030844 -13.731676090386884
3.5715874432772736 -3.905643906714263 -13.816683069265554
3.573691409374933 -3.8634625675758834 -13.913365112788501
3.60001742766227 -3.852200467041014 -14.018773720182937
3.6541131666056255 -3.8883088618083153 -14.108696759514604
3.71995 -3.9575939172356054 -14.163961855176032
3.7858291511678646 -4.04440879385422 -14.181879583525657
3.8397905789061713 -4.13653611821656 -14.151621309522605
3.8684960090361615 -4.212509089670332 -14.077875464117836
3.8737168246720826 -4.264365076349275 -13.98313830406046
3.8554011731772717 -4.2875097591025195 -13.877072120251007
3.8100595813122884 -4.269623343786067 -13.775235918392193

/group/right_iliac_branch2/50
50
posId 50
3.6788424958047874 -4.163670065207952 -13.689014659643746
3.6173873222364787 -4.072792239981099 -13.691560271384992
3.5788512439442246 -3.9895414140605565 -13.746388643547228
3.5646992107144206 -3.929542312526444 -13.8261624881248
3.5686518291606926 -3.890945701445991 -13.91607006655412
3.5931897416423397 -3.8789655235803364 -14.012875998049266
3.641098136793007 -3.9051633795043053 -14.101380020085225
3.703622 -3.967231359232588 -14.160382956490386
3.7674209684396547 -4.051271081323434 -14.178623778696227
3.818222390854635 -4.140233265424809 -14.14847197949293
3.8428821750238606 -4.2116272899089005 -14.076660818428014
3.84573587411695 -4.259459713219041 -13.98815175126979
3.830425466012973 -4.285520502945876 -13.890081375787114
3.7903281258270525 -4.276139158833558 -13.79058145089793

/group/right_iliac_branch2/51
51
posId 51
3.663345339910287 -4.1760956490615495 -13.704142139273124
3.6032561145422557 -4.0884099359322335 -13.704380115472828
3.5633082884622294 -4.005276626420879 -13.752787347378959
3.5464648682222335 -3.941746088463218 -13.828516132371853
3.5500822151662264 -3.9007048956772348 -13.918476341888155
3.5763246849822683 -3.8891042987218807 -14.015291846487491
3.625736032303664 -3.9169693757430704 -14.101028458889381
3.687452 -3.9781164748075213 -14.156945386438743
3.7496763786343963 -4.058900880083509 -14.176156692760458
3.8004691115061724 -4.146065043276678 -14.150617209918131
3.8250379808930792 -4.217384710711256 -14.081625946372869
3.8275714780284935 -4.265471803218219 -13.995389886091802
3.8111730476352688 -4.290599314987568 -13.900163340785817
3.7712448648754284 -4.281463018757465 -13.804889769027294

/group/right_iliac_branch2/52
52
posId 52
3.648098446956346 -4.1867127370573245 -13.72062789798046
3.5902484661169805 -4.103012359249655 -13.721239637227882
3.5518166601739383 -4.02345641968029 -13.766721157251848
3.534806517085256 -3.9612916156429123 -13.837576554971559
3.5384501659107666 -3.920984555870621 -13.923316961881975
3.5642118097539 -3.9090976791827576 -14.015563425241174
3.6117450530833524 -3.9338105496613687 -14.097982540348855
3.671487 -3.990938752099442 -14.152511073618104
3.7317980069322223 -4.067788084300465 -14.17146817462661
3.780459612967232 -4.151015012595673 -14.146825051926426
3.8034523455468903 -4.2190682234139 -14.081114825593973
3.8058494154909472 -4.26568167720825 -13.99989061181631
3.7902630285760335 -4.29102253077996 -13.909923131175919
3.752143748320236 -4.284299131396782 -13.819182328182631

/group/right_iliac_branch2/53
53
posId 53
3.6340704967457307 -4.192297237775761 -13.746883680825889
3.5807876590227505 -4.116430553020864 -13.748187835658394
3.5459563516735058 -4.04459502606762 -13.790028580521733
3.532205452403743 -3.989906238117739 -13.855068972792946
3.5353601157079897 -3.953159162245889 -13.930991234279224
3.5564473128034395 -3.937682830395912 -14.01432991978129
3.6001191614730996 -3.9581143241306362 -14.09020360927155
3.655775 -4.00955099182636 -14.140090512986465
3.712179289569846 -4.078976194986661 -14.158771796320776
3.757619290353174 -4.155232722950695 -14.136361358883498
3.778898942928763 -4.2179291521380256 -14.076134963854578
3.780042781729002 -4.260050210022105 -14.001483101718948
3.7651204984047886 -4.2831956916912 -13.920036855452263
3.7302625992510623 -4.2787405475667475 -13.83763247947906

/group/right_iliac_branch2/54
54
posId 54
3.6167426784423884 -4.21000336155229 -13.7400035038709
3.559056637129978 -4.129953407538236 -13.742279948244057
3.5212464086333526 -4.053987162687258 -13.786617000366302
3.5057962651832453 -3.995282521203908 -13.855174261393776
3.508870472823223 -3.9552091387098036 -13.935900278334797
3.532712514601283 -3.9393074330570745 -14.024280871040176
3.5808950588206216 -3.9622447948331865 -14.102470711813723
3.640361 -4.017586039305054 -14.149680870586122
3.6981650183745582 -4.088143486893218 -14.165006674940495
3.7463088895901935 -4.164734850105134 -14.145268868190803
3.7718912222235224 -4.231416873565481 -14.08740314381399
3.7758061076537777 -4.27892841663326 -14.010523032141881
3.758904275158207 -4.303299141757899 -13.923986943317276
3.718573009351794 -4.293957890495405 -13.840562294897369

/group/right_iliac_branch2/55
55
posId 55
3.599015858175466 -4.229229860921065 -13.727873164136568
3.534793641361392 -4.143518622150182 -13.73086539000881
3.4920279051853678 -4.061413089115528 -13.778463405290257
3.4750707420961215 -3.9979315679284406 -13.853683677696193
3.478670941887443 -3.954405372262685 -13.94157596624876
3.505265407502241 -3.9366045837077146 -14.037439289096783
3.5593293602128573 -3.9614340232928806 -14.121146521753033
3.625295 -4.020047589481632 -14.171684953207834
3.6896855457057165 -4.095111705293625 -14.188493456910395
3.7422704892680625 -4.17698543884213 -14.164737392440811
3.771248575726664 -4.248885431550184 -14.102849391524863
3.7762870460762867 -4.301030832681596 -14.019856684634519
3.7571048965738587 -4.327409538577014 -13.926043217099984
3.712115823324371 -4.317820984367222 -13.836211139691882

/group/right_iliac_branch2/56
56
posId 56
3.5831682196662635 -4.241903949040011 -13.730474152834764
3.514793663170813 -4.156497534401637 -13.731446645203093
3.468484280362715 -4.072640116761292 -13.779911962353372
3.4522098043789193 -4.009071594808413 -13.859611521193948
3.457642213576581 -3.96661656690239 -13.950030249783065
3.4857855187948434 -3.948931339235336 -14.046739028980706
3.5425441377896365 -3.974433942266644 -14.12935899234813
3.610623 -4.0321112506050705 -14.178673332671154
3.6774069440522625 -4.1056199438356735 -14.195938017386652
3.7335025359241722 -4.187401531572204 -14.173614042808552
3.763937822997905 -4.25991212537784 -14.109787020589936
3.767829965304589 -4.311253492059021 -14.024309784791571
3.7461445348520157 -4.335639841064369 -13.930018506690313
3.700331749973479 -4.327647108140409 -13.840190240551195

/group/right_iliac_branch2/57
57
posId 57
3.569268153528431 -4.24861621367432 -13.74674934917182
3.5018673717163535 -4.168577397716586 -13.749571618258596
3.455369618042275 -4.08954164254791 -13.796064291972158
3.437427799290093 -4.0279361446560475 -13.872181337647842
3.441575815214086 -3.9857061902626247 -13.960195602455348
3.4692621522029135 -3.9671297999259147 -14.05526273239326
3.5254886444912388 -3.987630505127131 -14.139437185057405
3.596393 -4.043475622241608 -14.189494621879312
3.6661562454942866 -4.116781272091373 -14.204411978161094
3.7222968449960323 -4.197117419190933 -14.176498489181862
3.7508103658149134 -4.265970285562286 -14.109862850537201
3.754507285879534 -4.315149072413067 -14.025946860494644
3.7347704538709166 -4.341569637352419 -13.933531436852101
3.6897533915221032 -4.337618668615107 -13.842831205441346

/group/right_iliac_branch2/58
58
posId 58
3.5549440480712087 -4.258085559041557 -13.755539169573526
3.483976374907479 -4.181369240575379 -13.755333997644376
3.43316618755644 -4.102521039446294 -13.801083133895018
3.4125566064172155 -4.039559985496549 -13.879074202144757
3.4176100732941306 -3.9973465656250315 -13.970558245235093
3.4492378678133075 -3.9813425966105 -14.06694906851668
3.50987209582137 -4.00497898995285 -14.147529874527265
3.582651 -4.0597341278626295 -14.193630421193765
3.6541227974860235 -4.129615690223451 -14.20799543482545
3.7155319405924416 -4.20832250218384 -14.184530056111624
3.748124223647052 -4.278612540074664 -14.117364271504476
3.7526176916595135 -4.329024846824149 -14.029977821262902
3.730275426550119 -4.354685404700417 -13.93434500959076
3.679245601813501 -4.345572649296059 -13.845846773582187

/group/right_iliac_branch2/59
59
posId 59
3.5396305275413082 -4.271996725260315 -13.75253472685245
3.4663428903713394 -4.194509782338615 -13.761484473695736
3.4154199201280777 -4.118288913806651 -13.812080864627625
3.393539082801662 -4.056964528882352 -13.890480049150208
3.396086864368884 -4.013265080742965 -13.982162738305249
3.426950610473041 -3.994121330941488 -14.081061056946183
3.490318272203877 -4.014473436244026 -14.165818697272256
3.569445 -4.069162068932544 -14.213604865986444
3.646943614786808 -4.140965967599017 -14.224238337753562
3.7082451524161435 -4.219364195195088 -14.18981604045403
3.738250906882789 -4.285706552227884 -14.11750861053965
3.74228836423275 -4.333559942716106 -14.03059100814199
3.7229945611488713 -4.362268860924595 -13.935569653820401
3.6735956793836655 -4.359989016803285 -13.842556435441333

/group/right_iliac_branch2/60
60
posId 60
3.529279042605361 -4.273123303219146 -13.784133937598758
3.4606989065419063 -4.206846483719085 -13.792578589957747
3.4123326711075603 -4.140467919307855 -13.83905108637759
3.3918195327320144 -4.086882355337008 -13.911237507843483
3.393734815953344 -4.0481404750465 -13.994757686802808
3.424491838204571 -4.0332122146538145 -14.08310236160874
3.4849955674314588 -4.053704253277512 -14.154016329767455
3.556823 -4.099878009480692 -14.193126055525482
3.6263235845058115 -4.160359853137851 -14.19836034797002
3.6837285249198013 -4.226228582586151 -14.16985019449597
3.7158775607414167 -4.285360025246021 -14.10799029213045
3.720947616430081 -4.328482171999123 -14.028500996738574
3.7020875209187363 -4.353498233368313 -13.941599757485479
3.6535873293092838 -4.34902342660499 -13.860094367594467

/group/right_iliac_branch2/61
61
posId 61
3.516838060010812 -4.282908108708981 -13.794070465665648
3.4483954150766283 -4.220807331610936 -13.807375218973538
3.4013706563959123 -4.1598889958069085 -13.85594004995113
3.3807402066402723 -4.110479383600804 -13.926245343227992
3.3832369199124477 -4.0751523125833975 -14.006963120809353
3.4129337631991765 -4.060247260501766 -14.091590538697611
3.472156665937431 -4.076695783116047 -14.16062096806889
3.544832 -4.119403916748197 -14.196679111182686
3.615524526880226 -4.175478939880403 -14.20036280916843
3.67180173040951 -4.236741638620074 -14.167389737903738
3.7006062087841194 -4.28968553568481 -14.103881686938157
3.706106549000138 -4.329281489933924 -14.028061894055487
3.6887253429946765 -4.353447323497848 -13.945174159993277
3.641990957797333 -4.351687488285246 -13.866463867476558

/group/right_iliac_branch2/62
62
posId 62
3.5053637446722945 -4.292696747923651 -13.805892308553577
3.4340267282129022 -4.236033865858587 -13.816480168331427
3.380864430986732 -4.177033752277121 -13.862509465019894
3.3577252520433123 -4.127999943956612 -13.935645047452336
3.361216929168365 -4.093565993462836 -14.019728109433714
3.3954873420919682 -4.081175722646315 -14.104708739788007
3.460317039462562 -4.101145801464826 -14.166765360020001
3.533518 -4.140686745757174 -14.1981987133158
3.605405324489622 -4.19117543211057 -14.202561809407763
3.6668558303125907 -4.2489306111672605 -14.17310206045751
3.69995270202982 -4.301341669802277 -14.108793607124461
3.7058141706707772 -4.340407324504693 -14.029683206023815
3.6852825063285595 -4.362722846649334 -13.94490862944842
3.633248585475748 -4.357907730090128 -13.869603760407847

/group/right_iliac_branch2/63
63
posId 63
3.4948815184510607 -4.30290305823456 -13.819104613410124
3.426725187380719 -4.251545159936502 -13.837231976753625
3.381186428956733 -4.2012752224002785 -13.887718427093217
3.3593002872743027 -4.159409492358859 -13.954567762700352
3.359936912290427 -4.12801013593481 -14.03107292993878
3.391054118113142 -4.115479751876661 -14.109330240736389
3.4513410752136413 -4.129601730786999 -14.168592275478286
3.52293 -4.166376539155388 -14.190847839093147
3.58874234842121 -4.210601230415395 -14.186252293909456
3.64417513611969 -4.258383968624766 -14.15704809964753
3.6773820304208273 -4.303174312633166 -14.100670991299964
3.6873636917827977 -4.339298003759549 -14.029223128930843
3.668373698834194 -4.359745387928226 -13.950677634006404
3.6181496216686404 -4.355815069915634 -13.882464192042333

/group/right_iliac_branch2/64
64
posId 64
3.4826532493203084 -4.31969336127194 -13.814447499420547
3.4084826199141647 -4.269774431106863 -13.835867408661597
3.357619931948852 -4.220081274610737 -13.890064007718362
3.339639649645798 -4.180850321836247 -13.964581169651478
3.3462893165963257 -4.153831659481571 -14.0431376499103
3.376214250105546 -4.139794524123771 -14.121829269525884
3.4357923576187823 -4.147920626191723 -14.186320762708569
3.513115 -4.181635015783952 -14.210818859878811
3.5856687271603245 -4.22502126933321 -14.203778124218926
3.6431384050831137 -4.271892167551103 -14.16624783248728
3.6760066148599244 -4.314439903695229 -14.104559879084109
3.686634712280524 -4.349366200863937 -14.030521449790392
3.66530986655001 -4.368654393126247 -13.950718503206424
3.6144684467179293 -4.36776699302702 -13.880232125222962

/group/right_iliac_branch2/65
65
posId 65
3.4736951311725663 -4.332316460490973 -13.826175022189592
3.3973850751111954 -4.288490615812376 -13.845615976435159
3.342709571750422 -4.242540739489651 -13.899199034133845
3.3236632621170004 -4.20537851486961 -13.975524679424487
3.3296007439696256 -4.178851830972574 -14.055605190376985
3.363693717284738 -4.166739860181829 -14.133296978400004
3.427985238855316 -4.177006962721121 -14.189570478323215
3.504119 -4.206475063709809 -14.20903089813561
3.5755048252013237 -4.243474733842754 -14.201741452711593
3.6384388188794374 -4.285190162030963 -14.170522598670779
3.674272753699575 -4.32541592085405 -14.107848102885116
3.681534135006885 -4.356885204790947 -14.031594072311147
3.659776329730986 -4.37554477825755 -13.952222377820188
3.6070023045325335 -4.37511988445003 -13.884217840772111

/group/right_iliac_branch2/66
66
posId 66
3.4617724299906363 -4.353435271599625 -13.812062997590633
3.3759393410209726 -4.310392677784802 -13.83600975427958
3.3078987371448307 -4.263563552933462 -13.892070805387549
3.2752582368378604 -4.221046322717517 -13.977467161635431
3.283170701728505 -4.1913392413028285 -14.07350635669263
3.3290722374815034 -4.1795555272844 -14.162234798466077
3.407458346686399 -4.190977755507667 -14.221722995007022
3.495991 -4.219223109830725 -14.244143626953374
3.5816379324085585 -4.25644186196391 -14.236967526718923
3.6589800812016318 -4.300562047575851 -14.199823248838385
3.7067241267927664 -4.345380699925565 -14.125595744834758
3.7144593911468298 -4.380446425399271 -14.032450286321971
3.680943017238113 -4.39835839780338 -13.940507206836429
3.6145759661471173 -4.396287686243833 -13.867967024970234

/group/right_iliac_branch2/67
67
posId 67
3.461032501139972 -4.357661015146735 -13.8637585339635
3.3905548753091685 -4.327747159775721 -13.883264368807776
3.334250447657972 -4.2940581249049306 -13.92949199726742
3.311349475039089 -4.263728895887677 -14.000334135925474
3.317148342847995 -4.241347776721664 -14.076483138526598
3.3529696115566225 -4.23082322589059 -14.147096909008926
3.4168129213122898 -4.237576426120104 -14.193103991095265
3.488776 -4.256290941028716 -14.210213060831837
3.558499963654783 -4.282351215799444 -14.201975869264476
3.6195720908055593 -4.313507523463964 -14.1686895641091
3.6558754763781924 -4.345058157078601 -14.108119848216704
3.6604423478727095 -4.369915876357444 -14.03512098851878
3.6348177682390426 -4.3839958433605934 -13.964103000099723
3.5840768196549253 -4.38533710743442 -13.906540884376783

/group/right_iliac_branch2/68
68
posId 68
3.4578403062541403 -4.370498949557962 -13.891939477760317
3.3957852592440845 -4.3475765284559165 -13.9112614082675
3.3465870034820906 -4.321472727233699 -13.953064150474187
3.325702787351088 -4.297144265461374 -14.015049495324158
3.3322678511082247 -4.279121448410801 -14.081291007555263
3.3662845600959796 -4.271002934280305 -14.139773153327353
3.421961578986464 -4.275699563360102 -14.1754343866647
3.482484 -4.288045599300346 -14.190018887750686
3.5429544421778933 -4.306396311411445 -14.184502844104385
3.595738554914431 -4.3299160906958765 -14.154636335336594
3.628064082313796 -4.354497127795926 -14.102358749063008
3.633089921944317 -4.3747960820536305 -14.03920526728456
3.610752044262022 -4.38699673874356 -13.977861086598576
3.564458967523246 -4.388199451787241 -13.931152924281767

/group/right_iliac_branch2/69
69
posId 69
3.4406207309895813 -4.408405056941098 -13.825467849959155
3.3536768451476497 -4.3782658769900005 -13.862902532120236
3.286605531107012 -4.345584491116154 -13.92518408820564
3.24838304756086 -4.31295590734181 -14.010277472634588
3.2527273455085646 -4.286519496818507 -14.107374256245084
3.2991420106470986 -4.271705989711241 -14.196843933412413
3.3836206396985524 -4.275336041151016 -14.251334881513126
3.477073 -4.292316901772719 -14.265693487425064
3.566130076382846 -4.3160737280046115 -14.252548730502962
3.642732813054158 -4.346314420828478 -14.206510342618882
3.686634994010543 -4.378209702976472 -14.128542156591873
3.696887261756999 -4.406120557145177 -14.037859799697975
3.6702703578108578 -4.426043331130347 -13.946077095650576
3.603081576430292 -4.431359158072905 -13.873685115580972

/group/right_iliac_branch2/70
70
posId 70
3.436593715091724 -4.427791943783527 -13.836453843515903
3.346512653005837 -4.403170261495165 -13.867530201707071
3.275104591032555 -4.37357086901582 -13.929841907776904
3.238601458489744 -4.343171905545229 -14.018755321462828
3.2479903638716925 -4.3187532348414805 -14.1163653690593
3.301749640839791 -4.306379360345268 -14.198978141240739
3.3833687921678366 -4.307821006729329 -14.248806509502135
3.4725 -4.318528977695419 -14.269086404197482
3.5636264327039444 -4.3371182123099175 -14.26126193668392
3.6411623288524115 -4.364193036257868 -14.212530680733199
3.6878805897131848 -4.393780632101722 -14.133560173036841
3.696996289821159 -4.420271628986952 -14.040723895097553
3.6636516339610634 -4.4381763461398185 -13.951251740395755
3.596231976174857 -4.444457296743728 -13.882168290257374

/group/right_iliac_branch2/71
71
posId 71
3.430523521273654 -4.452501682452198 -13.829225663575857
3.3340701700372715 -4.430320646270866 -13.862309876722719
3.25408107106228 -4.402386305938155 -13.927199589123209
3.2098678869999677 -4.371597413097302 -14.023325868674034
3.219417870454928 -4.345485651709672 -14.131189087997312
3.2806959069867148 -4.3314129363261165 -14.220746484623106
3.371411334460463 -4.331111837605976 -14.272716282994502
3.468721 -4.339916357604763 -14.292628617932918
3.5680363333279024 -4.356342067625271 -14.283742516908346
3.6542078220007705 -4.381983297488453 -14.231316969913493
3.705722520486424 -4.41152820674221 -14.144162460299743
3.7167955182439076 -4.439117385321404 -14.04204471779234
3.68142762615125 -4.459310521915581 -13.942964095848568
3.6037705726652205 -4.466587329894853 -13.870917998499994

/group/right_iliac_branch2/72
72
posId 72
3.422023787526102 -4.482455619257151 -13.801933468299278
3.3069029622913506 -4.462269855468182 -13.833403541580953
3.206482847873815 -4.433480964481006 -13.906793222028128
3.1560551297660675 -4.399543675253717 -14.023685872700096
3.1662693128313935 -4.369237391907179 -14.152770838998116
3.2365292527793312 -4.350225064924344 -14.262297061195971
3.3466928145525783 -4.346852260802247 -14.325405174045745
3.465692 -4.354996053782843 -14.345145481934114
3.584328969774289 -4.371453102739837 -14.3305674201475
3.6864786290652076 -4.398186413281201 -14.266396664377648
3.7502679371968894 -4.430288921524026 -14.163016036496973
3.7642365108041487 -4.461661883447381 -14.04035972404429
3.720433659836952 -4.4856090994108495 -13.922385727385869
3.6269967927758118 -4.496057852922309 -13.837682799560579

/group/right_iliac_branch2/73
73
posId 73
3.431626926370341 -4.489130066533306 -13.881941957369774
3.3474706409583326 -4.477175144795713 -13.90473248930471
3.2802477716070353 -4.458354750429655 -13.96266623873212
3.2551429598141084 -4.436680819773904 -14.047061783326502
3.2658644020915117 -4.417536433122024 -14.132724677007086
3.3046247863157423 -4.402342274511368 -14.21093517855639
3.377792979935241 -4.396484032769804 -14.260766248944623
3.46337 -4.398907609146296 -14.279300626652578
3.5494781871766365 -4.409057534648299 -14.264904697125168
3.622095670552685 -4.426089247893421 -14.216459075354358
3.661669959642046 -4.447083658704276 -14.139865343776204
3.66388908912589 -4.467012241214875 -14.055215102660357
3.631914461778522 -4.482567577666472 -13.97775004082139
3.5716804155467177 -4.491323062971425 -13.919874384653614

/group/right_iliac_branch2/74
74
posId 74
3.4321728654133774 -4.510180953008624 -13.90143184115259
3.352557583710078 -4.501596731211285 -13.921190329711699
3.2900583232041 -4.4858879126844755 -13.976674427864735
3.2672503174349123 -4.466884746539965 -14.056059826873913
3.2751009895970786 -4.449214028747874 -14.13662974805101
3.311401010038357 -4.43451025731119 -14.21058711810054
3.3816683497834075 -4.428154723234837 -14.255233136399308
3.46171 -4.428377418358053 -14.272835221457305
3.5434816746263436 -4.435350715261821 -14.260756459461744
3.612768695431252 -4.44932395803406 -14.214583483646809
3.6478449564030226 -4.467745044882831 -14.140642047699542
3.648452360079263 -4.485575151120788 -14.06132673912362
3.620108789125489 -4.500443102704865 -13.988486095524333
3.5635071349298273 -4.509623522337351 -13.93442619855442

/group/right_iliac_branch2/75
75
posId 75
3.429421657933652 -4.536980327712167 -13.896462012659661
3.3482131427521886 -4.5291013689934925 -13.922320234882518
3.28659339968139 -4.514544359755439 -13.98159061304783
3.262573499748604 -4.496436667117678 -14.062160266674242
3.2672585820244686 -4.4785995251811475 -14.145211329183363
3.302617967556641 -4.462624394782729 -14.223644212333317
3.3767373409981793 -4.454737291343523 -14.269733931306892
3.46067 -4.454165681737442 -14.283287777729148
3.5435721160526694 -4.459700209767695 -14.268485524086469
3.6130735424242255 -4.472010507734192 -14.22062396210237
3.648077284433242 -4.48921378050772 -14.145662457138682
3.650586768879916 -4.506628436694858 -14.06549944335151
3.626678752627881 -4.522610264977605 -13.98852437153053
3.568455498832142 -4.533522347415194 -13.930520042094496

/group/right_iliac_branch2/76
76
posId 76
3.4300913737535907 -4.560411856389689 -13.908861608503996
3.3517003676359294 -4.554656921548899 -13.933963292605712
3.2939998399809087 -4.542030952321284 -13.99256381364696
3.2727561463573145 -4.5257214773182195 -14.069906029398052
3.2772559966161707 -4.509307873505594 -14.148541163444118
3.3107042551872277 -4.494025323093441 -14.222661061030935
3.3805571324974704 -4.485301371267099 -14.266539348076375
3.460204 -4.482863256693828 -14.280658765609603
3.5393351821420054 -4.4865159988600025 -14.265633433457808
3.604699996835062 -4.496738856730746 -14.218762182983648
3.6395212600367857 -4.511772118029701 -14.147942574724915
3.642950797265177 -4.5278812836051445 -14.071008233069044
3.6203599818611916 -4.543272080553157 -13.996705925486268
3.5643535811786986 -4.554622385818209 -13.940694968414528

/group/right_iliac_branch2/77
77
posId 77
3.4253879285993167 -4.591620697229676 -13.88453163939048
3.3369615626969695 -4.586106250471514 -13.917528848560734
3.27208614234566 -4.5733200484758445 -13.984897631386866
3.242611321183732 -4.556075118451834 -14.07197456924467
3.2426494581750736 -4.537250361123739 -14.164927785976177
3.280439972869514 -4.51855561674424 -14.254776803307736
3.3655188454452265 -4.507255689511626 -14.305026449240913
3.46027 -4.504645786927831 -14.311734366764497
3.5500649086999156 -4.5070801984095805 -14.293856960666554
3.626632551660693 -4.516498881312636 -14.242354253333911
3.6686039596779296 -4.5323995950705065 -14.161099963004563
3.678989581399748 -4.550567081708183 -14.07071248053893
3.6555704444131902 -4.569342204091157 -13.979529262490107
3.586493741240217 -4.583816980382548 -13.912558713663389

/group/right_iliac_branch2/78
78
posId 78
3.4312751033200475 -4.610183606185459 -13.922510523727546
3.3564376601837904 -4.606944153088965 -13.950852046422723
3.3034879313249252 -4.597096224346541 -14.009355534783914
3.27682639786461 -4.583632385375509 -14.082095079608754
3.2752082772329127 -4.568120469572787 -14.161289405406574
3.3090769146531898 -4.552282245594654 -14.236522146746958
3.379712175385122 -4.541292158185277 -14.28125851095695
3.460823 -4.537345514112205 -14.288492147555361
3.5355257653514522 -4.539343183421002 -14.266491225628329
3.597392528557642 -4.546197857759758 -14.221807275902178
3.6343620513038832 -4.558054370137516 -14.155614109819899
3.6449864939686147 -4.572601161096879 -14.0799043093748
3.629932002300482 -4.588738233259873 -14.000170070700252
3.570688686103664 -4.602123596150269 -13.94143967370798

/group/right_iliac_branch2/79
79
posId 79
3.432814465304807 -4.634850547878599 -13.930657266928756
3.3567499078866416 -4.633838165376114 -13.954887887840629
3.3015932276406277 -4.625380529025849 -14.01289301280952
3.2763838076258365 -4.612344997046422 -14.087411566445603
3.2785765849865975 -4.597191249299712 -14.166199853145592
3.314790486202174 -4.5817381916219855 -14.238088122112874
3.3828901380358523 -4.5701035570380135 -14.282050354821827
3.461821 -4.564198125539778 -14.293323031859918
3.537371387232361 -4.564416191130507 -14.273378840967824
3.6007175201919006 -4.56995902872659 -14.228595339259652
3.6400300690564698 -4.5808973289071995 -14.161546459681928
3.649852910015121 -4.595282002418833 -14.08379410699015
3.628779213956545 -4.611168587394079 -14.005868194487011
3.569186045693579 -4.624747592740951 -13.949609603131483

/group/right_iliac_branch2/80
80
posId 80
3.4381949279692843 -4.65525106759226 -13.959993073039842
3.374364376704191 -4.654830957318885 -13.98374280827243
3.3235029602056616 -4.649332958780979 -14.030431907665337
3.3017901238838556 -4.638571726956279 -14.095609708763053
3.3034078996223784 -4.625678009831866 -14.164399730002442
3.3316943483561055 -4.611708104086564 -14.229997972780275
3.394932235184071 -4.601391733124199 -14.26418215122142
3.463218 -4.596313714420291 -14.268498072128946
3.5277422472868625 -4.5948712814446795 -14.254530425027042
3.5838970202555815 -4.598180879105614 -14.217827055711256
3.6155292188566324 -4.607201593347255 -14.158669040760786
3.624167693474433 -4.619050284375173 -14.0920454441323
3.609505629810666 -4.632781191902997 -14.023145297948485
3.55765389824651 -4.645287752835054 -13.973350068030847

/group/right_iliac_branch2/81
81
posId 81
3.440955862282738 -4.679134338824265 -13.970714158601494
3.3761708679416476 -4.680873827683392 -13.988456648445354
3.328164310325624 -4.675741133903071 -14.037022582516748
3.3151874847544285 -4.664953330016497 -14.101997959602704
3.321190553735699 -4.653154523193913 -14.164540757261047
3.3478287770676345 -4.640595856573186 -14.222567354928646
3.4027218452197694 -4.630321635379915 -14.256071817847596
3.464971 -4.623792900347813 -14.265814240703849
3.5261488995521195 -4.6216013571288395 -14.25208708226551
3.577600243240545 -4.624282133075946 -14.215591045739803
3.608616878436948 -4.631872147863153 -14.16064089675538
3.6157445749768247 -4.64271512583432 -14.097829298169252
3.5986236143186834 -4.655353712685447 -14.035346015076616
3.5512700123284406 -4.667226396288528 -13.989843956415719

/group/right_iliac_branch2/82
82
posId 82
3.432479139092243 -4.716482390600302 -13.909356008128997
3.3449690299322516 -4.7182439864604895 -13.943580071397587
3.283516452267418 -4.711388423426521 -14.013333227648905
3.262652871169088 -4.697863931923972 -14.100273111294124
3.2707040436031307 -4.682006808504603 -14.185794803802743
3.309514083401573 -4.664879979341802 -14.262962287442903
3.3838099310428453 -4.650463304308544 -14.306904811875196
3.467037 -4.641160444822473 -14.317447836096411
3.5480446180024403 -4.637088980655826 -14.299556100412499
3.616004407962263 -4.639633546570385 -14.250873321428124
3.654362129946876 -4.6492400095823205 -14.177237352421466
3.6604674324893174 -4.66313772745728 -14.095639084380448
3.6371015478050133 -4.679274515777668 -14.016268485759113
3.580148902548254 -4.695494093162141 -13.953385233304392

/group/right_iliac_branch2/83
83
posId 83
3.4350582828031295 -4.740433291680572 -13.914873937915797
3.348079960892529 -4.743350249968676 -13.948926974888447
3.2881835671187405 -4.737264081929317 -14.019165221678545
3.26656898418284 -4.724590965310707 -14.105067406343279
3.275308037808653 -4.709041194081459 -14.18982896741646
3.3147977412689915 -4.692005147341436 -14.26518118337617
3.3866234327408917 -4.676868349205842 -14.310627895456173
3.469371 -4.666342654603418 -14.323029494537874
3.5509130457670413 -4.661168549168489 -14.305204801723619
3.620880053663886 -4.662366904669477 -14.257323039877779
3.659905702303557 -4.671405439830852 -14.182236973286662
3.6629740126854085 -4.685399194916444 -14.099557653084585
3.63834343596998 -4.701518101573885 -14.020808647819878
3.5811919473167317 -4.717970542203241 -13.959168008514151

/group/right_iliac_branch2/84
84
posId 84
3.445033770134723 -4.755473427503966 -13.964984486678619
3.3795390658783226 -4.7576141330575155 -13.99580669708832
3.3350177424624157 -4.753418402766097 -14.050137179180899
3.3194551135237638 -4.744139161306085 -14.115275634847812
3.327925157002641 -4.732482908384489 -14.178504733497366
3.3572221651562892 -4.719714331299777 -14.23448183005243
3.4096471465079623 -4.707790485839171 -14.270120006169696
3.47193 -4.699012517205892 -14.280633957965687
3.5346367838760173 -4.693981460009451 -14.268734545814663
3.589461600997014 -4.693933116385639 -14.23263457822926
3.6182301235672263 -4.700657924573113 -14.173820144527047
3.61949291626377 -4.711255094740224 -14.110387387814415
3.6002143991351727 -4.723541219968656 -14.050611046822315
3.557481397548869 -4.73643782542094 -14.00279477020752

/group/right_iliac_branch2/85
85
posId 85
3.449376256610611 -4.776764847147931 -13.978676175657325
3.3853431383411428 -4.780394341937556 -14.004165300841914
3.33856865178549 -4.7777718664600055 -14.054585405613928
3.3226473036220647 -4.768973672139341 -14.119418714806113
3.3320795578980738 -4.757397573506733 -14.182245000355945
3.3624806250720227 -4.744670855504618 -14.236495716516938
3.413725320298305 -4.732593216387669 -14.27141115885609
3.47467 -4.7233020726288935 -14.282347224629655
3.536651073784033 -4.71753861010766 -14.271244310819936
3.5922913439349777 -4.716447021669532 -14.236660905519216
3.6227208500285486 -4.722421813268392 -14.178118995467171
3.6238933062237364 -4.732939322041265 -14.113830135377057
3.6035541025506035 -4.745382559970924 -14.053844499625603
3.5588747111069043 -4.7583941292821885 -14.008440006854673

/group/right_iliac_branch2/86
86
posId 86
3.453709255603876 -4.797504955448855 -13.99127691434379
3.3955364590446724 -4.800754930691161 -14.018641339513463
3.3566127230955645 -4.797963999211107 -14.067489244550819
3.3410942167871966 -4.7906576437214 -14.125055729642577
3.346139400761922 -4.780628576631881 -14.182628469323229
3.371655727956751 -4.7687511878421684 -14.234905236955012
3.4203807994748985 -4.7570719043628396 -14.26707198721775
3.477547 -4.748051740671838 -14.276013981491232
3.5352413447972144 -4.742072986336708 -14.265821192504609
3.585723200460055 -4.740825095936606 -14.232404144908877
3.609859361537897 -4.746579168003214 -14.177369637494674
3.6102298455543274 -4.755871229354182 -14.11992124192878
3.594443395053644 -4.766886210042009 -14.065028334514585
3.5557836392129913 -4.77916645485256 -14.020972576788184

/group/right_iliac_branch2/87
87
posId 87
3.4570869527502737 -4.818612431634063 -13.997112552928233
3.3989960423523753 -4.822734650588351 -14.022756903131754
3.3571736118971596 -4.821183173828394 -14.069541255443957
3.34140109161918 -4.8140254113082985 -14.128375237841114
3.3493218375031972 -4.803666826490854 -14.18627241345117
3.3749368959259054 -4.791726541064045 -14.238401943991212
3.424077553220548 -4.779856856365604 -14.269241562144797
3.480518 -4.7705307460989825 -14.277672062319736
3.5380576130063455 -4.763754867860155 -14.269146471564333
3.5899393920517007 -4.761545529793472 -14.237016574390518
3.6157949092666417 -4.76672727221173 -14.18163095819843
3.615536395070919 -4.776135927179872 -14.122896929654374
3.596823246442463 -4.7874336160925335 -14.068678285940951
3.5575542579364554 -4.799789493497011 -14.02604385964432

/group/right_iliac_branch2/88
88
posId 88
3.4585852562686403 -4.840950936988098 -13.990625123424117
3.3997256963650404 -4.844776628644189 -14.02251065293435
3.3567485747792336 -4.843660379346916 -14.070738446948416
3.340044094076274 -4.836677089608516 -14.131273594100358
3.349519192384425 -4.825949394935889 -14.190661229160254
3.3770904489290787 -4.813658098313875 -14.24271769635228
3.4247964554957337 -4.800993178569299 -14.277900306753418
3.483538 -4.790222660546367 -14.29044042010529
3.5437452468075623 -4.78308545856746 -14.278395611752666
3.59223752299907 -4.7818733292570474 -14.239749518945187
3.6190462635049054 -4.786446578795902 -14.18492789239331
3.623166606962164 -4.79517326305943 -14.125304754736218
3.6053721420831377 -4.80679848236555 -14.068147331880228
3.5659173060612788 -4.820122387497577 -14.020868131028651

/group/right_iliac_branch2/89
89
posId 89
3.4613765177714035 -4.860747818784807 -13.991978450642968
3.4033021610978555 -4.864635372394575 -14.026264160365816
3.3643979286156926 -4.863027052031826 -14.076578556348064
3.348139764849712 -4.856595269169324 -14.13499407527506
3.3531157666568987 -4.846763449526578 -14.193717601139548
3.3789714940830713 -4.834465749311573 -14.247048304993953
3.426416336130713 -4.821228243761099 -14.284352552199639
3.486565 -4.809945208957981 -14.295948823613978
3.5463047734315127 -4.802876962127156 -14.280603752825062
3.592157766041389 -4.801856091036508 -14.240234872537973
3.6156639271377053 -4.806472814149749 -14.186173212767345
3.620093799500488 -4.814550493717135 -14.129196421394445
3.6073231829646546 -4.825425081097509 -14.07169263551716
3.569938414808177 -4.8389614277894655 -14.022137626854736

/group/right_iliac_branch2/90
90
posId 90
3.461961656854021 -4.881793736245484 -13.979444982254106
3.3977050891447607 -4.886861505172036 -14.016145453781954
3.3543492339729677 -4.885645872025216 -14.0714974337125
3.3357221661901546 -4.878924654537027 -14.136188752582775
3.341319323614475 -4.86809906915679 -14.201522794020997
3.3702452513216365 -4.854355413359135 -14.260648030886198
3.4231798056621336 -4.839436931891376 -14.301317640422438
3.489553 -4.826735408585012 -14.312686024725686
3.5547931077330532 -4.818533818847301 -14.295593731476407
3.606164889286243 -4.816564879148219 -14.252507981380347
3.634060536829201 -4.820932824990101 -14.193229208662554
3.6407344339012604 -4.829549850325682 -14.129075034327885
3.6256784849966657 -4.841859993395454 -14.064269226170609
3.5816216998800203 -4.857173061840492 -14.011304115584595

/group/right_iliac_branch2/91
91
posId 91
3.4555258362762133 -4.909256505332467 -13.922844245232302
3.366673531932701 -4.917871296856103 -13.967858470919495
3.3049458483501506 -4.917404039197183 -14.04239156513513
3.277587490916882 -4.908745031402864 -14.132094275937176
3.28476477977627 -4.89384499125842 -14.223694941233354
3.3255152723778956 -4.874474321455855 -14.30643652143578
3.398334318749881 -4.853001598428972 -14.366178478133403
3.49246 -4.834094456099074 -14.384073276642551
3.585884473859298 -4.821581230103658 -14.359908876577691
3.658729098541504 -4.818328740970993 -14.297457218192783
3.6974920507880897 -4.824311884198471 -14.21250413606799
3.7054363273936435 -4.83650186382682 -14.121582971165775
3.6823793363954103 -4.853933672993424 -14.031375158197083
3.6196557094184465 -4.8754969371966155 -13.959348799135233

/group/right_iliac_branch2/92
92
posId 92
3.447058697881451 -4.937328992125658 -13.853802166845503
3.329421929675999 -4.95014406071982 -13.910095218764218
3.249570872896561 -4.949859655496745 -14.009460068989137
3.2167348435053023 -4.938404365521449 -14.127506777915743
3.224761105384289 -4.919439118923283 -14.246820540350873
3.2756910679498397 -4.894179655157125 -14.35663436303674
3.3717505432877766 -4.865509588956392 -14.43460211395067
3.495241 -4.839873276424242 -14.45844804689018
3.618941593735536 -4.8220725725535365 -14.42869629207542
3.7161810280167704 -4.816718102633499 -14.346502264999824
3.76530593389616 -4.824620975245882 -14.232764250048874
3.7730080426602792 -4.8407935685518915 -14.113270940685439
3.743363222542102 -4.863453084647665 -13.995185728641545
3.6625850692795416 -4.892032858294827 -13.899187434371322

/group/right_iliac_branch2/93
93
posId 93
3.4497241174570696 -4.951331776048466 -13.855827937457853
3.332217772788029 -4.964979347138602 -13.912197660810463
3.252455246638684 -4.965387614500302 -14.011633159844259
3.2196556224559343 -4.954378184800023 -14.129732403100382
3.2276729856421533 -4.935613056271846 -14.249078401666
3.278546482309088 -4.9102730978910305 -14.358899853316906
3.3744994567912934 -4.881181777172543 -14.436842700997994
3.497853 -4.854844561924464 -14.460633380192295
3.621416447253724 -4.836229865142765 -14.4308099592236
3.718548072462242 -4.830112846595043 -14.34854170557496
3.767618513704016 -4.837479833974504 -14.234744222026121
3.7753120831629654 -4.853356328195585 -14.115210660521724
3.7457001301690305 -4.875949699702195 -13.997104528991704
3.6650115354056876 -4.9048202244114405 -13.901117917416588

/group/right_iliac_branch2/94
94
posId 94
3.453067023581854 -4.9627700808230255 -13.863251109045203
3.338606121959031 -4.976637917781506 -13.919749821414204
3.2591760141968327 -4.978119565234767 -14.015994813437933
3.2267559912445436 -4.967748845856401 -14.132165792399762
3.235636402827682 -4.949323423797 -14.249322958178384
3.285160385849276 -4.924423130799616 -14.357280666917639
3.379984178963991 -4.895561374048079 -14.432181033030885
3.500251 -4.869474807945265 -14.453486053387959
3.620066671922567 -4.850618672355231 -14.424744424937353
3.7147435575217242 -4.8438260175359655 -14.345238498811877
3.7629566353517503 -4.850379372413438 -14.234609673032276
3.7700630912095194 -4.865648381856336 -14.118104241740602
3.740028764966865 -4.887702043949717 -14.003926076019551
3.6634606115736967 -4.915973809552451 -13.908653033480737

/group/right_iliac_branch2/95
95
posId 95
3.4557233446693694 -4.9729923424781095 -13.867701411861987
3.3411684604840204 -4.987995665306592 -13.921690693339436
3.2610367129666074 -4.990345310756822 -14.017294397511371
3.2295451354609 -4.980142076346047 -14.133874546116038
3.238636095993244 -4.961877347566914 -14.250829778593506
3.2880388717429607 -4.936961492521396 -14.358524703711208
3.383561460551636 -4.907914330477834 -14.4309278594403
3.502393 -4.881452917728739 -14.452307427716784
3.6218403292363086 -4.861613533467792 -14.425802339943612
3.7164901757974325 -4.854085900273181 -14.346622417591465
3.7645650910974156 -4.8601750522233305 -14.236017458140019
3.7705846866865644 -4.875358571767154 -14.11976697937106
3.7396627641764915 -4.897363902418166 -14.006842032677719
3.663985564268268 -4.92560814618499 -13.912331033897463

/group/right_iliac_branch2/96
96
posId 96
3.452787877412201 -4.987162596359586 -13.838287150417116
3.326079020386131 -5.004656337250747 -13.897284223158616
3.222945528245017 -5.012092765471143 -13.99424072512743
3.191556920664202 -4.999464519204708 -14.130878160728725
3.201969648357734 -4.978698553308713 -14.26507706410089
3.27185603208388 -4.9490307941536855 -14.376553307589882
3.3731096965893292 -4.916858178047193 -14.460289968862307
3.504235 -4.889822258387092 -14.46349599893616
3.6339256087779557 -4.865414743184775 -14.449886396018758
3.74199332619137 -4.854841170770741 -14.368300169039381
3.8054908327268246 -4.858675967315559 -14.248081062287284
3.818160654187419 -4.874831027130704 -14.113379360395776
3.7802819479740304 -4.9007530597287845 -13.982156057660728
3.6878501965219863 -4.933846609326528 -13.878924617702731

/group/right_iliac_branch2/97
97
posId 97
3.458024634352688 -4.9901727201278065 -13.862690913845128
3.3416230142704273 -5.006629923164923 -13.919151431820179
3.248209571393743 -5.01364490804799 -14.00957025194975
3.221336143366768 -5.002011641440766 -14.135030945739011
3.229160560697154 -4.9835337696786945 -14.25778632785128
3.291868799800372 -4.956321635038716 -14.361020413356044
3.3848101198628657 -4.926329872985724 -14.438700392078289
3.505731 -4.900677035890366 -14.442382426876394
3.6265003741443915 -4.877042489230193 -14.431590950388834
3.7253916294280423 -4.867127752153354 -14.353997595862042
3.7800728639585333 -4.871174737682483 -14.241673102096309
3.7910431900272017 -4.885740568519872 -14.11894232650733
3.758207392853657 -4.90910423938028 -13.998486872136423
3.6752430003405214 -4.939668312920069 -13.901522517991078

/group/right_iliac_branch2/98
98
posId 98
3.455495599614933 -4.999147618938844 -13.839900381375248
3.3290397365804534 -5.018055071575291 -13.899004013834844
3.2261121665386767 -5.026805022381367 -13.996069581004953
3.194786231207527 -5.014933037174294 -14.132789098297105
3.205178168266494 -4.994513600623208 -14.26704269836207
3.274925012929692 -4.9645453484697555 -14.378525889897139
3.375976508704812 -4.9316785614610446 -14.46223712600464
3.50684 -4.903393490533314 -14.46536220674262
3.6362716612540287 -4.877694651052731 -14.451664882453299
3.7441236046179234 -4.865811296723847 -14.369973503266882
3.80749432848 -4.868635972839802 -14.249659626781513
3.82013885266636 -4.884221058649001 -14.114888491340261
3.7823357771966 -4.910070350201526 -13.98362911221224
3.6900885801498156 -4.943708439340025 -13.880408656477325

/group/right_iliac_branch2/99
99
posId 99
3.461829942858736 -4.997005946460496 -13.874588973810598
3.3460639174920916 -5.0161191076533145 -13.923436321788406
3.2604571121276082 -5.022652409821435 -14.016768839221898
3.2291368738682764 -5.01360007589703 -14.137046746379658
3.242315188006164 -4.994903482593301 -14.255842144196983
3.2926885061462383 -4.969372579526032 -14.364162175999542
3.389361125797758 -4.9385608592031245 -14.43515738278733
3.50772 -4.909458111830141 -14.457187539477118
3.6287121348169755 -4.885762916593764 -14.434130245809612
3.724227620951351 -4.875415581619004 -14.353011763689018
3.7699075205394914 -4.880376092435374 -14.239629308580325
3.7760170785117046 -4.894562894057259 -14.12267148469341
3.746323081761197 -4.916329234292708 -14.008263170170437
3.6689844020864872 -4.945861247318265 -13.914715284997152

