/group/splenic_branch1/0
0
posId 0
-4.949180814145779 2.3027065450767608 7.325555978156208
-4.895128250915874 2.353090044218506 7.323311008307475
-4.8505933091805975 2.41017241715757 7.346069046240775
-4.829085460852742 2.4634842299445716 7.397746429339333
-4.834258483462951 2.501214028063341 7.465210453065419
-4.86423628099705 2.5163485737340756 7.534535652985085
-4.9141796237547855 2.5034205218105843 7.589751550186061
-4.9703 2.4688249998407463 7.620080073126184
-5.023804243189745 2.4244313721712167 7.630960983838299
-5.0724647197573125 2.371494898507495 7.621003986045012
-5.102932743013117 2.3166312820039154 7.580445797048187
-5.1094523749679635 2.271795637693374 7.51946209069225
-5.090659862255403 2.2455904640352915 7.4495827241204085
-5.046048100495908 2.2492009762157084 7.387716848436801

/group/splenic_branch1/1
1
posId 1
-4.943191895942682 2.2956913552487843 7.322478703472425
-4.886956563990951 2.3483415609353595 7.318676571738983
-4.840232133845745 2.4085814316989453 7.342040373611647
-4.818524818846648 2.4640573971853494 7.397098377133443
-4.824776948410825 2.502143084408707 7.468175840439375
-4.85615646852045 2.516338643710413 7.540365810466918
-4.907564479145386 2.5014931062662296 7.597364356396106
-4.964884 2.465270899746903 7.629288431714451
-5.020572960701424 2.419305334431902 7.642980035728848
-5.071977875253257 2.3631049471609016 7.633474671642402
-5.101317258712963 2.306297020196126 7.588280924200471
-5.1058106291489 2.2618934203815533 7.523948017000788
-5.086134472056127 2.2365740223632855 7.4522814441375225
-5.041318845699913 2.2409972692295343 7.388894273122241

/group/splenic_branch1/2
2
posId 2
-4.927852521784108 2.2816644216025725 7.331311582105649
-4.872290252497817 2.335029142723099 7.327575986783418
-4.826125052082448 2.395619283437731 7.351144929760508
-4.804677544979664 2.4508523194133067 7.406547994221148
-4.810854844808814 2.488210166428461 7.478017268667935
-4.841858793498973 2.501364002942812 7.550566006516676
-4.892651518120337 2.4853741039829265 7.607806138363318
-4.949285 2.448166202889272 7.639820872946699
-5.004307437378373 2.4014019690878756 7.653502672528507
-5.055097102982542 2.3446675671102866 7.6438631434678825
-5.0840853327645075 2.2879198087906567 7.59836812378314
-5.088524923489763 2.2440522910681566 7.533664694317919
-5.069084264015282 2.219628373478178 7.461623992914839
-5.024805021528102 2.2251749393572813 7.397948821089313

/group/splenic_branch1/3
3
posId 3
-4.9059006191491585 2.268302421640754 7.364757108178695
-4.858303837436297 2.3160635958848794 7.362780230008931
-4.81852854231197 2.3692431879855893 7.3834379514429305
-4.799075685917688 2.4178393703351655 7.431524636470548
-4.801954259330556 2.4523342900775207 7.494508440220296
-4.828287947325882 2.464557508138411 7.560592688903498
-4.873602018850471 2.4492118233841067 7.613132990988023
-4.924473 2.414678688342557 7.643015155498646
-4.973678569300241 2.370697596345667 7.654130157801304
-5.016495753357336 2.3191235422671155 7.641431590716921
-5.041063695519785 2.269504160359899 7.600468007915184
-5.045948336417872 2.2306892761121095 7.5436419223116795
-5.0283120008428375 2.2108042478124976 7.479710797716787
-4.989523533635237 2.217551413509189 7.423993602221587

/group/splenic_branch1/4
4
posId 4
-4.8682487180400384 2.2215786877445933 7.3437078552190265
-4.8086577423890615 2.283116691386901 7.340946513856247
-4.762415005941429 2.34993467467752 7.371810381775266
-4.744066941705747 2.4059811875585475 7.435190698201846
-4.747716735297124 2.445919006075097 7.511030817936529
-4.776377021635292 2.462082320274071 7.591584579485556
-4.830810913350738 2.441187062087855 7.655252608387111
-4.89142 2.399633311231646 7.694480738640294
-4.952573579368936 2.3452708718601016 7.712531532682697
-5.005562403654171 2.27948046237912 7.6958206522090125
-5.033291032407801 2.218681669613186 7.641418742535766
-5.034521761967048 2.1756310162070043 7.569141310966585
-5.013885308190511 2.1529525026536933 7.492025194298317
-4.9714004671414935 2.1566921676659665 7.4205725560969675

/group/splenic_branch1/5
5
posId 5
-4.827707013279348 2.185005829796445 7.35802040645985
-4.769316746852041 2.2498993210874882 7.359575664374467
-4.72633680679726 2.3165317987377723 7.394569758562996
-4.707669719785701 2.371898750981384 7.457184675626605
-4.709682028986716 2.4119395431885033 7.532986141125175
-4.736820505909602 2.427913129019929 7.615039405843897
-4.789841397216768 2.4071618017615313 7.682121491901325
-4.851099 2.3633133754673366 7.723967198018765
-4.91211293251432 2.304502501701668 7.738487427338068
-4.961633620966318 2.2376197370525 7.715912706728563
-4.987239514110792 2.178654817913306 7.660493804882254
-4.990854191203168 2.1353098596154445 7.589834590861219
-4.973904167793452 2.1102351763697076 7.511496903575107
-4.932026838999767 2.1146415821172906 7.437012415264497

/group/splenic_branch1/6
6
posId 6
-4.773582073650553 2.120471570209034 7.311413226932692
-4.707106896699356 2.2113079144488395 7.339509679534131
-4.641536311458856 2.2997101212799667 7.364975862719973
-4.615882066277111 2.3738006546500894 7.449061539272505
-4.608279994061995 2.436937708385284 7.551249957754539
-4.650779593258335 2.4494746226889053 7.66577816536667
-4.724259276965365 2.4124230810677467 7.753599255803846
-4.804481 2.345883631012092 7.80052767959193
-4.88133793609919 2.267871666755825 7.818724690187871
-4.958627219073337 2.1761286469151226 7.812083314798124
-4.942679255148797 2.128107739474571 7.68783013746822
-4.950798750211233 2.0799602189963005 7.614875188772194
-4.98079622342486 1.992578541085966 7.515150944244506
-4.9150403972113175 2.013169655457602 7.4129835864027545

/group/splenic_branch1/7
7
posId 7
-4.724695581766593 2.0896287516086582 7.350384215853429
-4.663721613749419 2.174948588448352 7.375017015501626
-4.60067773246309 2.2608605391056775 7.395904971723094
-4.57379777399998 2.333346565094771 7.47609475781435
-4.567270923113193 2.3920841856546287 7.57734903712205
-4.6103864552833285 2.396014253878119 7.687685844180421
-4.679471840580194 2.3541793807777713 7.768792060923546
-4.752537 2.2902824751072 7.815500895813279
-4.825064626435341 2.214423755513025 7.837150649472922
-4.900470595811269 2.1224334751609764 7.833574127614962
-4.884653790654118 2.0786268717545786 7.708873181281813
-4.892165823871269 2.0329283879164013 7.635884230009764
-4.920715189123951 1.948621714231193 7.536163848864673
-4.8542838399110675 1.980162118151012 7.4409025132312685

/group/splenic_branch1/8
8
posId 8
-4.672457583319146 2.0610552814875183 7.3972603566490704
-4.621198891565179 2.1377738439850056 7.422775925722368
-4.56707558875159 2.214934809337447 7.441454725168285
-4.544687942398278 2.2771396668369164 7.514267496433923
-4.540827408229683 2.324294833910436 7.605105635945881
-4.578934656500923 2.3205036439665547 7.7005534119862515
-4.636145101791716 2.280154419249014 7.769372778971509
-4.69624 2.2226658709721536 7.809202387991259
-4.757031783355312 2.1554330281459047 7.829986703146102
-4.82388442460255 2.0715870253762825 7.831547022339839
-4.80617778526783 2.0395982660216467 7.714669907867364
-4.811249671798569 2.0031281550954767 7.650086244781785
-4.839491928056479 1.9259745268006783 7.561065442433849
-4.783936522544502 1.956239434558002 7.475074846882879

/group/splenic_branch1/9
9
posId 9
-4.596981826480177 1.978758872112341 7.247950308942843
-4.506550867456166 2.1157158160959098 7.282705467542269
-4.421960105632042 2.2515830674348494 7.33383247317948
-4.393512427812519 2.3471614134113263 7.470778596994323
-4.384366904111793 2.4246088671808703 7.626956787851807
-4.443272899560502 2.4139670025688997 7.792926213396782
-4.532549041805909 2.347945079125641 7.924695575310181
-4.636561 2.242066752082754 8.008698976778843
-4.738559831608979 2.107458425484006 8.017191122655696
-4.838803447540974 1.9622995813488375 7.99465026243012
-4.840057720639524 1.8896911039152413 7.824431971765981
-4.8578493822106275 1.8130825407462288 7.698377853006227
-4.866086741509537 1.733240817156045 7.533499609042592
-4.775058580827982 1.7979137509027827 7.392795844276527

/group/splenic_branch1/10
10
posId 10
-4.54017036429735 1.964884234919362 7.2875109453326905
-4.4614491085908 2.09397397013899 7.3245637202534315
-4.381063240858007 2.2277151673488755 7.367876291267048
-4.344206168729046 2.327363334123403 7.496953422584202
-4.328784449312517 2.4071703647032505 7.659566575547004
-4.380915012607771 2.39281425291533 7.837719664089094
-4.478542106901958 2.288515271678231 7.950756432738007
-4.574472 2.1668057020408433 8.00704804619411
-4.668817555098675 2.036710796084801 8.032787129381655
-4.768402627223584 1.8842410480097083 8.016784294217219
-4.75908207759269 1.831797304617966 7.828173963306894
-4.764129309485485 1.7791392803799346 7.699329089685177
-4.77864416629262 1.701867185251638 7.5401286830734735
-4.6952205665345845 1.7803989987400235 7.41335151623899

/group/splenic_branch1/11
11
posId 11
-4.494106305617249 1.9776672407954625 7.466000170806464
-4.451044327116684 2.051410681900458 7.4772260646228315
-4.419901174777937 2.1152052159902137 7.5259302047612175
-4.407066530383678 2.155259852298391 7.599395922054496
-4.408755432323224 2.1736695438808367 7.6815922867041495
-4.427255829960302 2.1650503791778752 7.766236532542595
-4.466211626170249 2.1168602988993825 7.827931771584015
-4.510944 2.05054613626566 7.856187766315066
-4.554614918544538 1.9793764017700652 7.858832681302464
-4.591368473852703 1.910522175674396 7.82630940704911
-4.609414378898135 1.8635731167631504 7.7593595136836475
-4.6133199291089815 1.8371521858581006 7.6817922591922905
-4.601792106403814 1.8346453683382125 7.598490094049776
-4.5700470039823635 1.868382682199198 7.526751146836797

/group/splenic_branch1/12
12
posId 12
-4.43689449631809 1.9649718243428052 7.540729627176067
-4.412518075461044 2.012412904737549 7.557555332823083
-4.394355183466743 2.050835036024667 7.592488761532614
-4.384664091819617 2.0754290815042333 7.640953717782532
-4.387059339202307 2.078574843647376 7.696188148731556
-4.398834373778328 2.0640004847933455 7.748844289047235
-4.420823904905016 2.0284175635258084 7.786221809983304
-4.446896 1.9823269562284451 7.802111711061887
-4.472807596943642 1.933850920140026 7.798455170340493
-4.494668587779185 1.8897760397792494 7.772222617484109
-4.505763410010557 1.862779687472945 7.725190462945047
-4.507328065235493 1.8525898042724016 7.672050646886412
-4.4990960889603535 1.8605576379879543 7.619054193063566
-4.480726939415603 1.8886971592713642 7.576281664502676

/group/splenic_branch1/13
13
posId 13
-4.372254200718896 1.9521154632600597 7.523404720113791
-4.345398120664771 2.006933618540611 7.547028648445318
-4.322738835856906 2.0533817369700054 7.589809043881136
-4.310001933867187 2.079826265364482 7.652923808162069
-4.3156852353073605 2.0688552996319536 7.721183982543774
-4.333866444446361 2.0323261420827894 7.772902732152172
-4.356638103492253 1.986313602841469 7.807386010426733
-4.382948 1.9329083512106904 7.81891762614257
-4.409881375751837 1.8780716770539385 7.811427052178908
-4.435961071912052 1.8247865588799141 7.7824707064680565
-4.450607698012558 1.794496678402753 7.72381229936345
-4.452899731278366 1.7892556092903147 7.656340551642286
-4.440873692521718 1.8131858537182775 7.595125156892473
-4.418942564881229 1.857429001427369 7.553653324174377

/group/splenic_branch1/14
14
posId 14
-4.334408264537711 1.843994317996973 7.891214755330673
-4.36556606379537 1.7840524475091608 7.827466396093656
-4.4000748083089505 1.7156521463689747 7.773915576265756
-4.415446829001039 1.6932638485197413 7.681563159586696
-4.416536550246954 1.7026282468994953 7.582184512584088
-4.392491298254933 1.763577849109628 7.506850914353362
-4.357633889766424 1.8435758504605113 7.468491556989293
-4.319626 1.926060124896146 7.466879199088535
-4.281826548463086 2.0053321915154343 7.488669963801513
-4.242376794041335 2.085206079665109 7.535648066916133
-4.254166319810215 2.046740065464734 7.645331582747134
-4.250345244961889 2.046831153096457 7.714689379685421
-4.23393644121134 2.069519720090512 7.823525074986249
-4.267711028953588 1.990503493727613 7.873435791451164

/group/splenic_branch1/15
15
posId 15
-4.27404767737966 1.7825198463502154 7.905801946372053
-4.318440725238864 1.6954607020993397 7.8556200263455755
-4.353263265956922 1.639112747611283 7.76402507207435
-4.367353086832079 1.6334686431380625 7.651933916778754
-4.367967981024571 1.6577126205043782 7.539931604157782
-4.3421836265347755 1.733797748930393 7.457466518312436
-4.30409892554473 1.8293601458594253 7.409220750331954
-4.257453 1.9345203663079646 7.402105638428505
-4.212765160323479 2.019719070264965 7.463286040313205
-4.175551089274761 2.0839608159386342 7.543572423775591
-4.14661554123956 2.1246602241719628 7.646460072809585
-4.136214271630248 2.12019106028289 7.766976126436011
-4.15962932709553 2.046870443409351 7.860350207696426
-4.19773940974586 1.9510801200617232 7.9093464417182675

/group/splenic_branch1/16
16
posId 16
-4.214639022492688 1.7344162867067658 7.898554027709193
-4.257952583426534 1.6614025025102168 7.829408744440916
-4.288743429307739 1.6238600183919976 7.733816460436349
-4.3021106731949255 1.6269105033374147 7.629753226583933
-4.306221561368274 1.6508473504285899 7.523384672748771
-4.283170888280988 1.725713250323225 7.443747676125869
-4.245836493523745 1.8220173136601 7.395449216056374
-4.196952 1.9283405623145082 7.3961481755589125
-4.151769098852442 2.0035706611716146 7.471300414514638
-4.116219524219925 2.0545345850924184 7.557029944883881
-4.089103000574337 2.082439244866188 7.6578926627571535
-4.077577099992315 2.0722289313240037 7.772130910140504
-4.092688861876865 2.0084953969733634 7.871717688438732
-4.129022903061374 1.9107007532596445 7.93188542531788

/group/splenic_branch1/17
17
posId 17
-4.154986790399965 1.7144995321605712 7.855171397883457
-4.195918068126212 1.6517261160223977 7.795400251650222
-4.224059496964549 1.6242380642513903 7.7095534298254
-4.2352410242945195 1.6330247154690314 7.6191590105811935
-4.233332148820601 1.666327552842903 7.535199278340197
-4.215270237453993 1.726895466102465 7.467709878565424
-4.180059576115038 1.808442194596735 7.440458453991223
-4.138646 1.8900715186804404 7.449196719501383
-4.098110344740109 1.9563332299586753 7.496695366180677
-4.06636411042697 1.9954189379038982 7.570473464806246
-4.04790115764286 2.003260259409555 7.655905143164869
-4.044124064000224 1.9813669975977888 7.740487460757848
-4.0543181249362785 1.9339306670798941 7.816424040326348
-4.081167446384941 1.86053226487412 7.8692360735692315

/group/splenic_branch1/18
18
posId 18
-4.10061804485955 1.688056378723824 7.843152861364628
-4.14466819384283 1.6275956775027203 7.784881506430075
-4.174281303102782 1.602947281866657 7.699954043932797
-4.186102630222267 1.6122404735096796 7.611328685728045
-4.184188089285562 1.6446313082645059 7.528733400568722
-4.166336349852312 1.7018037618268216 7.458905540654717
-4.127570207516191 1.781851540740814 7.433420677040303
-4.08306 1.859738735209842 7.444263628130894
-4.0390036584145985 1.9260126641763509 7.485940558797638
-4.0028590137217055 1.9673421654583803 7.557438146341596
-3.9842745813829086 1.9710580693183017 7.644351680974366
-3.981967204422272 1.9462094894431816 7.727533733654688
-3.9948605625247877 1.8975828273101707 7.798943438390241
-4.0244043829963285 1.8271992979761562 7.845190742062995

/group/splenic_branch1/19
19
posId 19
-4.048432562087598 1.6734858689325294 7.818721955762478
-4.089681271065705 1.6263598230717478 7.761235127524017
-4.116626828539431 1.6067468018304334 7.688073014460103
-4.1257284064870205 1.6159176360457341 7.613013775684802
-4.118793315821785 1.6471814277404024 7.5482836884152364
-4.100533567937377 1.6921494288137438 7.496894975105112
-4.0712739762739405 1.7495491910026313 7.461267914099617
-4.030717 1.8161364117508978 7.453241517219853
-3.9872573427944245 1.8738395922223672 7.48814754026597
-3.951373148353133 1.9111744320008632 7.549831276274645
-3.937496922001563 1.9087526417062166 7.627420047252421
-3.9391874451929763 1.8844504449008839 7.6963683227535515
-3.951045476854098 1.8470032399685006 7.756019313276933
-3.975305876037945 1.7937656254367318 7.803551959497106

/group/splenic_branch1/20
20
posId 20
-4.009024807956669 1.6257995350939465 7.88165706340665
-4.078427828937868 1.5498335855036691 7.822648090846117
-4.12631410835382 1.5128011012917741 7.721126683780471
-4.144111532522733 1.5181040159721828 7.608023786928091
-4.144931947163881 1.5451654946843483 7.496799666849951
-4.109619788825688 1.6133988349150723 7.409882873842567
-4.053300927267525 1.70067066477716 7.356459913529658
-3.982141 1.7958463438338046 7.348626688792626
-3.9149500920832376 1.8675002379486758 7.413229201426728
-3.8602926769942885 1.9183402212219278 7.495223385637042
-3.8184605356190975 1.9471176562359982 7.598034635343108
-3.8039760614475475 1.9358996216756603 7.717368946050605
-3.8373983474609057 1.868279149050799 7.811647166669909
-3.8907597859244065 1.7837755054269917 7.869438237582235

/group/splenic_branch1/21
21
posId 21
-3.95531167330297 1.6433514701910799 7.768681524554479
-3.9994824774682285 1.6027237402035113 7.736827385030339
-4.032604709497205 1.577601272717341 7.682970004001556
-4.0469075319613985 1.5743586257033315 7.617049264958495
-4.041389481487579 1.5915323180969658 7.553163804826765
-4.018722351658435 1.6245414544242698 7.5012980701612895
-3.981698253536592 1.6686856599644628 7.471399174703573
-3.937854 1.7158130116875707 7.46487353553405
-3.893188690648255 1.7590723484806323 7.484873777920766
-3.856558564961294 1.7894032652351393 7.5301433017076675
-3.836415708174187 1.7996385899993612 7.591182170547751
-3.8318265907129763 1.7929965764019271 7.6554274693750415
-3.8463488238752968 1.767362263684457 7.713821847789566
-3.8784125667201614 1.726573342047947 7.754069620575021

/group/splenic_branch1/22
22
posId 22
-3.9234588233788408 1.606668318436642 7.810341129449893
-3.9884303086853707 1.5573070913478646 7.777189871617824
-4.036565376043525 1.5249388333866294 7.709993014008981
-4.0585160541016325 1.51553445901926 7.6249977686748585
-4.053875564720408 1.527871625014186 7.537951184688605
-4.019611887512398 1.5628193316702614 7.464957049857564
-3.963424225144476 1.6125910027330759 7.421744393615911
-3.898381 1.6667774482125086 7.406522241425509
-3.8305442859365093 1.7199659005028007 7.424388254772937
-3.775929004161348 1.7584432587012242 7.482858458576864
-3.751508583250358 1.7701131093386302 7.565165326587383
-3.747167397015191 1.7654596913918912 7.648067653412664
-3.7639543946513982 1.7439327716930204 7.728526953789703
-3.8090937303199364 1.7013215643580553 7.789892216999194

/group/splenic_branch1/23
23
posId 23
-3.9098546245109485 1.561598360033147 7.9442558978158075
-4.025166237108374 1.4923407780737519 7.890141986814214
-4.109489502206567 1.4435349738500378 7.783486671047099
-4.147257528302573 1.424106199841044 7.647070557825371
-4.141200191723311 1.4317278517124574 7.504662659971377
-4.084925965328231 1.469752250422594 7.377001848402568
-3.981975202089498 1.5350010710422077 7.30078341520135
-3.86418 1.6078121402745151 7.280883647391142
-3.747983439567348 1.6783298802211821 7.308844424649161
-3.6491158729970326 1.7367535908405043 7.390149804847074
-3.5953534569820946 1.766264542012006 7.51672476967761
-3.583190994795562 1.7699002444411924 7.656222071590604
-3.6132103545930665 1.7476504156395543 7.796000704844907
-3.7011892683649967 1.6908479866765682 7.899149665759396

/group/splenic_branch1/24
24
posId 24
-3.814437051014512 1.5515591544394984 7.46170207387365
-3.7622580151129785 1.5764837649356587 7.483942326826707
-3.7230354323771597 1.5959088859592137 7.5276559611641085
-3.706372415660209 1.6051763426685082 7.585969542611323
-3.713150840937964 1.6035389392874297 7.645745181473458
-3.7396150869081595 1.5925145221699242 7.6977725240942
-3.7828264595637013 1.5732539297402206 7.733402076724576
-3.835228 1.5491283515112055 7.74651356034047
-3.886346069553867 1.524884027412269 7.731518290717537
-3.9272799025284697 1.5048841445001435 7.696576293744248
-3.9490940032396287 1.4934056489613652 7.645836196349408
-3.952339780425413 1.4904812095900075 7.590654947951085
-3.9393525874478095 1.4951431257352958 7.535825597620105
-3.905769401867964 1.5096415926890836 7.489710821710655

/group/splenic_branch1/25
25
posId 25
-3.7785717877220573 1.4844509017889338 7.390122852006734
-3.6937214211707508 1.5162331077273685 7.418243055119499
-3.62359372693443 1.545082351839879 7.480246610579284
-3.5924460911868583 1.5622330649715 7.5729060028199005
-3.6043301093507925 1.564528788205131 7.670271789311133
-3.6505491169933437 1.5538237588215429 7.7541569865083515
-3.723791925575191 1.5317970681376019 7.8110775666874925
-3.811289 1.502607604067697 7.835893908149925
-3.898928141672416 1.4703570835265498 7.815501895211018
-3.969566144296244 1.441716870977538 7.759337672748854
-4.009350027189333 1.4222035351879763 7.676912347845534
-4.0202712021036024 1.412186914368478 7.584318484003285
-3.997423102127674 1.4139603843257087 7.49002178674918
-3.9338963320415923 1.4314086715699161 7.415781258361097

/group/splenic_branch1/26
26
posId 26
-3.764772658978935 1.4148596850658748 7.4362682390844315
-3.694898060116328 1.4354560133700347 7.460582434117069
-3.643983417120372 1.4541181144294342 7.514995356363113
-3.6238457438894134 1.4664994478211049 7.58672575519479
-3.633943912743841 1.4710940364231815 7.659237909866995
-3.666887306036479 1.4689472173917704 7.723725128439666
-3.7227037415367534 1.459015742042639 7.769784228219338
-3.792124 1.442588165312254 7.7861440956101875
-3.8598440866226738 1.4233115341865115 7.769454357616601
-3.916053195042643 1.4046565800170936 7.728941778932113
-3.9468831282312418 1.390390092388525 7.6662085388205226
-3.951307462928655 1.3822864320735175 7.596391071925601
-3.9300627080045394 1.3810933720504002 7.528921864661686
-3.8835488279080277 1.387767811167978 7.474454334464931

/group/splenic_branch1/27
27
posId 27
-3.752632307277754 1.3446011680050325 7.462976858784543
-3.6898413536429198 1.3590066154405716 7.4859192739846385
-3.6461783183257213 1.3733046113687162 7.535613259269318
-3.6286577905499278 1.3844372243782594 7.5980780008009825
-3.6355424678571233 1.391228930500673 7.661541716796954
-3.6628972454063304 1.3936555583287138 7.720136179738156
-3.7149730980610287 1.3890736075519592 7.759159555380691
-3.777493 1.3792202881297058 7.7717046026377865
-3.838604710583693 1.3664033735698498 7.758859666166641
-3.8904556198904565 1.3524758129540535 7.723899112959377
-3.9180392980681007 1.34027998550787 7.667573912647802
-3.9214753516714707 1.331766919393482 7.605434073206255
-3.8998213687336576 1.3283302736848308 7.547104262146522
-3.857758160502576 1.330185996822071 7.501040170574455

/group/splenic_branch1/28
28
posId 28
-3.741851788038953 1.271412106258824 7.471646287486658
-3.6764117430213497 1.28223099151076 7.492725450064124
-3.630382152286675 1.295195404548519 7.543237380870805
-3.616032324428688 1.306617173547079 7.608168687673115
-3.6240898882031987 1.3151707704511977 7.671455946911947
-3.6511581772083854 1.32079515772835 7.7300440488040145
-3.7028623085831796 1.3208852256790493 7.770957224516747
-3.767158 1.31564992629966 7.786197277807631
-3.830611056456783 1.3059916373857996 7.771303610584367
-3.883801756846198 1.2942610996320822 7.734598170804838
-3.9118969674177793 1.28231604725289 7.6768965408961005
-3.9164560013939296 1.2722809464023555 7.613572862434348
-3.896932583724489 1.265354974021803 7.552193051114288
-3.853089168944096 1.2631059567660967 7.503020576823155

/group/splenic_branch1/29
29
posId 29
-3.7323422142571547 1.1941180578422523 7.4640357700250535
-3.6584701912276794 1.202550321148535 7.488039552519707
-3.601213097893359 1.2150381904443255 7.54161475033058
-3.5811084206177335 1.2289571299683717 7.616441462481641
-3.5908602881805525 1.2410733949081971 7.69099850871584
-3.623587434607114 1.2507813467108315 7.759348759912649
-3.6848087477841824 1.2552686082170876 7.806876749906006
-3.76088 1.2529038556501715 7.819281248793236
-3.832555675880551 1.2451933680679552 7.798758781838687
-3.8921937475568464 1.234543435553123 7.756804988366846
-3.930358432429606 1.2216322374556146 7.694142360522865
-3.9399276161899284 1.2084549202330908 7.6200307103928
-3.9151984096468397 1.1976481223300754 7.5479893897089445
-3.8597653604651576 1.191936876875392 7.495271228334313

/group/splenic_branch1/30
30
posId 30
-3.7300650765015946 1.1191586786461851 7.478862487371826
-3.6541441030275594 1.1235187053613833 7.499476471277832
-3.5961163684614554 1.134227189439978 7.554436075433659
-3.5781568982648175 1.1486793119781193 7.630644225084631
-3.587301079587865 1.1626397622601052 7.7051529414828135
-3.6194238034146458 1.1753962315233886 7.774037189872488
-3.6826380012539355 1.183404465961173 7.818732639927806
-3.758422 1.185258791590222 7.831143595582671
-3.8312900112029746 1.1813066896082796 7.812594816033717
-3.889685286522972 1.1724908940499488 7.767707327148478
-3.925716346546777 1.1603539500365474 7.704413755457523
-3.9352276947393356 1.1465783199410877 7.631516356254386
-3.912467208728012 1.13324874837522 7.559901700911522
-3.858243116164893 1.1235166933404468 7.506347178411001

/group/splenic_branch1/31
31
posId 31
-3.7317254393952286 1.0447328014269994 7.4967517237580426
-3.6593167206959167 1.0465654736745968 7.520687071704311
-3.605315399476607 1.0553874841386823 7.57499653208953
-3.5858903920171143 1.0693134577659682 7.6471164635524795
-3.5906568955495954 1.0843921638607026 7.719871287054846
-3.6210128949113036 1.0997232512412416 7.788568872250152
-3.6850618156724906 1.1109337487809283 7.8301481193633204
-3.759543 1.1161157157191366 7.840088403430016
-3.8313298854924627 1.115680921283883 7.823117780206013
-3.890433788180291 1.1093198907691995 7.779788295203374
-3.923737741654638 1.097628337044121 7.7157255724026
-3.930608310784462 1.0833746827815618 7.64459920745389
-3.9089766965151016 1.0683160619838457 7.575430029010269
-3.856541058871851 1.055550754729127 7.523845755560129

/group/splenic_branch1/32
32
posId 32
-3.7418516978406133 0.9784626710499462 7.546952563134123
-3.686316348523844 0.9785496258459953 7.569729376543031
-3.6324125227191186 0.9815375022920301 7.605050965898504
-3.6038906854893202 0.9922674437122803 7.66537812146281
-3.6087080891805674 1.0073918363593475 7.732268807759925
-3.6426432038131864 1.0230533167958036 7.789869205930145
-3.7009589298746017 1.0350386558503348 7.820913705802768
-3.764006 1.0426533499174124 7.83016034642227
-3.8227520540526 1.0432872350071867 7.809370190722592
-3.871736305411053 1.039840008338442 7.773940685373574
-3.9080709541364818 1.031953472344144 7.723405449706057
-3.920538831551386 1.0191203630270405 7.65997647686836
-3.8964499884379946 1.0037265599957028 7.599626190560659
-3.84940736328294 0.989809916795707 7.555249068810315

/group/splenic_branch1/33
33
posId 33
-3.7528273792992652 0.9113762550152265 7.583754494010822
-3.7067612391499236 0.910169219236745 7.604918539764907
-3.6621561248395706 0.911281043429369 7.635143632256203
-3.637765861432802 0.9198338759610531 7.6855753328876535
-3.6416596923197027 0.9334737872426975 7.741558823286634
-3.6705861359476466 0.9484682692311921 7.789023153445069
-3.7184430907871278 0.9611527717466757 7.815815781855349
-3.771571 0.970274278213094 7.824392452299143
-3.8210066522996304 0.9722970607509721 7.804784760744577
-3.860474100614492 0.9701350291464278 7.773012809900905
-3.891011933123905 0.9643913453260902 7.731057283377528
-3.903277891135038 0.9535907850386044 7.67795942930442
-3.883647433015764 0.939001874043161 7.6269155783825155
-3.8443245146153635 0.9248561304381687 7.589012136488153

/group/splenic_branch1/34
34
posId 34
-3.750301545045747 0.8187635005124212 7.519789136740977
-3.6727543972443097 0.8141319202183763 7.557266714456364
-3.6148754343661818 0.8191689570121097 7.6193123963815115
-3.5861754652125857 0.8335738135531668 7.697844359520233
-3.5907272339403806 0.8549649106296449 7.78036475234667
-3.6299605969316198 0.8801370863418367 7.852982395947861
-3.6988508657904604 0.9041633321837549 7.899564750880583
-3.782017 0.9228603280035644 7.914448991978777
-3.866335744388332 0.933201602888177 7.894980908931781
-3.9317564366985973 0.9308421534791042 7.8382246554416835
-3.9657725264832893 0.9180388660809431 7.762274501125662
-3.9706115099254493 0.8990375752448672 7.682552476770964
-3.9486736995265677 0.8758753655813581 7.605495247401912
-3.8945289712768965 0.8505490477807506 7.543038380765861

/group/splenic_branch1/35
35
posId 35
-3.765383559618073 0.7514697426558188 7.5473564395652115
-3.6888691860572536 0.7423293888371061 7.5790421104308505
-3.628817802457584 0.744367695340957 7.638515606005417
-3.5979796078066317 0.758272940680963 7.717360727197926
-3.605980179163837 0.7820111668299193 7.7996311886856615
-3.6505739880027375 0.8099128234345689 7.865966620659593
-3.7192308123170372 0.8354467681676018 7.9026443824307195
-3.795289 0.8557142285965972 7.913151907607343
-3.8724572949592764 0.8689574017086842 7.896314446821748
-3.938490289218183 0.871321550681406 7.848217661642684
-3.978808729342296 0.8615237379160818 7.776622117439929
-3.9877535165587177 0.8420512461518447 7.695754485991299
-3.960480383934278 0.8157202559632205 7.6203738679801445
-3.9002667222873715 0.7882492174252118 7.569133965436315

/group/splenic_branch1/36
36
posId 36
-3.790107940698129 0.6999958443503012 7.617489467099877
-3.7429034102318415 0.6964280475343557 7.6517209962102894
-3.712235934592197 0.7002108652970223 7.6953479761211225
-3.6931593700596985 0.7083911077928271 7.7429146118767544
-3.693908856201659 0.7231718304827015 7.793990312669695
-3.7213347368419356 0.7426782956086643 7.83521983662844
-3.761466647838068 0.7620533256853431 7.863407748007661
-3.811433 0.7800580597610308 7.877054180299803
-3.865932737500938 0.7921749218690999 7.86557037690442
-3.9067207178394954 0.7923865925981126 7.825926369162642
-3.924197871661367 0.7829130825292735 7.775409486760043
-3.9240721297694523 0.7689184359355811 7.726471989115078
-3.9085090155587987 0.7518527883689157 7.682053531298559
-3.8758156549554292 0.7329280994581059 7.64807915736903

/group/splenic_branch1/37
37
posId 37
-3.802620219360113 0.618953819354725 7.5941210953302
-3.735927226443618 0.60840736003398 7.633344037422983
-3.686547435171547 0.6093998675415159 7.691101522479608
-3.658408965616584 0.6213734815162371 7.761236400486079
-3.658650279840136 0.6445203991926725 7.836494364195133
-3.697644958732715 0.6764369110965985 7.897579290141647
-3.7594782161303177 0.707970099922199 7.932197943983887
-3.830497 0.7334290805855899 7.936855975163293
-3.8995260251669643 0.7499412593132055 7.9145189847089235
-3.9590639341373395 0.7561473479310916 7.869033928366442
-3.994225539216233 0.7475714666796641 7.802231180995268
-3.998012363017406 0.7266121153676565 7.729663492800456
-3.974398530775556 0.6984487413498517 7.663842764349724
-3.9233407920063743 0.6671843848082274 7.618204258745406

/group/splenic_branch1/38
38
posId 38
-3.809677970255052 0.51538943873035 7.51795343256692
-3.708867667558617 0.4969744431098269 7.583575401878368
-3.640322991709798 0.5006396279000932 7.677247491406155
-3.601440455431956 0.5199697172268063 7.782663839721719
-3.6017327382214748 0.5566899411908355 7.893594487775447
-3.64658083476451 0.6078056310244666 7.994482320059473
-3.7370944132790123 0.6651019830993895 8.059095274598032
-3.852527 0.7122398428841124 8.062906498136101
-3.960844124571234 0.7400552702547841 8.016730830002427
-4.041602080975799 0.7444588164272123 7.932800147561255
-4.083918941102249 0.7275716689842088 7.830650505412052
-4.095674424894225 0.697481396803013 7.725300330421568
-4.074737915365329 0.6542438127021718 7.619485171671655
-4.00415800292851 0.5987724423969463 7.536392106094676

/group/splenic_branch1/39
39
posId 39
-3.8524647528246527 0.4943066286561304 7.648506872893034
-3.7937257757438516 0.4818460641034512 7.689361045966609
-3.7527949110790817 0.482905652286151 7.745215322044885
-3.7241602794277635 0.49226970661678066 7.80852881265597
-3.7221024072738524 0.5160711050444797 7.878093020658332
-3.7506272029109544 0.5511635621072747 7.939888772917968
-3.8075814278549163 0.5901674759502442 7.975953612892044
-3.87757 0.6212084529617422 7.972796442129109
-3.9402351741400703 0.6383930627332229 7.940149586589403
-3.9908445121311433 0.6447954150397197 7.892767887376071
-4.023387500610424 0.6379178645944359 7.831395027159107
-4.033922048500114 0.6184872182381542 7.763166578164253
-4.0151567050856025 0.5869923813750877 7.698876178694383
-3.966957181763204 0.5494464771733449 7.655600209685275

/group/splenic_branch1/40
40
posId 40
-3.882383619732558 0.43559052009637805 7.68001398406651
-3.8248165632336284 0.41906843180316167 7.715636084592603
-3.7834487319397914 0.4183873199198833 7.770393965563037
-3.7654676466271666 0.43323039213681225 7.833639899759855
-3.7687722859623403 0.4587200891584031 7.89553672312993
-3.7952577346442786 0.49291439531579995 7.948434766487242
-3.846380210911812 0.5298786862646959 7.97488144750266
-3.905673 0.5616759550782947 7.976700161975396
-3.9660852844280634 0.5855863604173754 7.956439934406072
-4.0157622738518315 0.5936065677528048 7.909448775795467
-4.040896467532732 0.5829233723999456 7.8472660112449235
-4.043510155003725 0.5604682298888792 7.785187782632513
-4.024586683712648 0.529455827860499 7.7302460683094685
-3.9834268265703243 0.4934539433314643 7.692692188607856

/group/splenic_branch1/41
41
posId 41
-3.9051101957640917 0.3450807655811525 7.646529220103499
-3.821409881488751 0.3139762491113265 7.691081621147805
-3.7463624614448707 0.3001326326193261 7.764943027430138
-3.713232081127318 0.3223858816779882 7.866041017155116
-3.7305672126279266 0.3713788566318047 7.959560157724565
-3.7812614392878845 0.4292756248800847 8.026888238763537
-3.8534605848076224 0.48656568925238897 8.062007513042003
-3.936883 0.5385588869896932 8.068291626307982
-4.0271577963314185 0.580927983933364 8.041540446635608
-4.10759535890876 0.5999479998347482 7.972472480380017
-4.150983260139473 0.5848677897441646 7.874030660205457
-4.150753734072245 0.5440779432542497 7.775864868358929
-4.115306703597026 0.4899042783820068 7.695729179249757
-4.05010981152572 0.4310405369165714 7.646799450288597

/group/splenic_branch1/42
42
posId 42
-3.9395446748023613 0.280608403118665 7.669036785689642
-3.8593309162929854 0.2509327900894717 7.721470612054822
-3.791387830597739 0.2403793059781018 7.798530344634404
-3.7572155060529444 0.261560740078153 7.89659163965149
-3.7651317354984055 0.30923987306036227 7.991603194395977
-3.813368984978014 0.3720949987964234 8.060837617909009
-3.888888449548284 0.4344435310243946 8.088507678435423
-3.971247 0.4878974433271158 8.086129675517522
-4.055246391431064 0.5279672375411866 8.051356048461727
-4.129247679497904 0.5464592052257091 7.983090983485515
-4.172195193750556 0.5331326200568557 7.889610743747196
-4.181466211878582 0.49592350821377684 7.792568980290181
-4.155480397523765 0.4399888086980372 7.705852856683207
-4.089384938573515 0.373393102431649 7.654708656315501

/group/splenic_branch1/43
43
posId 43
-3.9841074116382598 0.2435437815629436 7.738370063801718
-3.921718335069741 0.21887175131369158 7.782226377065689
-3.870095239509346 0.21139852971823692 7.845401466540026
-3.845206623980642 0.23036612027287845 7.922751774489425
-3.8565692529661697 0.27242800700636755 7.992815986622324
-3.8955376574647507 0.3233301860087375 8.039160597213304
-3.9481803218607703 0.3726415927216143 8.061353337662737
-4.008812 0.4151020881703411 8.057133212516662
-4.070050348517402 0.4459432618041936 8.027848118903357
-4.125135402904892 0.46150404578905924 7.976197708177639
-4.158652204439983 0.45202665320198876 7.9054100638890095
-4.1611719225786254 0.41940266018873396 7.833789687102883
-4.138850669142111 0.374351655119599 7.774222167174359
-4.092283889206928 0.3233433630801369 7.739241101244679

/group/splenic_branch1/44
44
posId 44
-4.030387856748013 0.20514805937497116 7.799913510498602
-3.983073291724025 0.1867110534132389 7.838058691669461
-3.9466602690641404 0.18397707066871544 7.889530011219652
-3.9314823279196873 0.20187178690855895 7.947732169926995
-3.935093561426871 0.23268893827045672 8.001599445760515
-3.958042403317467 0.2731124029314251 8.043875026819935
-3.99978240274435 0.31649717661165266 8.06258175766868
-4.049625 0.3523216814880406 8.054064827935102
-4.098434021017884 0.3780005055139029 8.027571544901525
-4.140070316048037 0.3884095236516575 7.982777146694398
-4.160223084412291 0.37531379405389964 7.926086631310381
-4.163481085630689 0.34986584485506944 7.871879427410451
-4.151246581902618 0.31467231249564825 7.823002469074127
-4.116889225482468 0.2712730548338214 7.792761960740396

/group/splenic_branch1/45
45
posId 45
-4.075703460981773 0.15189455805315366 7.83563847428398
-4.032069074723433 0.13499068329288916 7.874349556540773
-3.9988314200964443 0.13332074039107755 7.924013788356211
-3.979845241307063 0.1476239413676323 7.979853591605996
-3.9810857509291124 0.17862705527271583 8.033708726680771
-4.005046441711518 0.2214821495034244 8.072899135359272
-4.045614802379269 0.2661839334275336 8.0890967023921
-4.093712 0.3032677453787581 8.079647374570934
-4.140111569184769 0.32745681182660225 8.049671318900325
-4.177054484455028 0.3343329737252797 8.003509214575518
-4.198473280308976 0.32340430425364336 7.949890324512245
-4.2045097805043845 0.29899757990218756 7.896380241992669
-4.18938313153852 0.2611896347570612 7.852278093420203
-4.15582113007749 0.21779891201682325 7.827338267059703

/group/splenic_branch1/46
46
posId 46
-4.1221040126837885 0.091560286020041 7.860571030589945
-4.075434886942862 0.07120832351325557 7.9009242632993555
-4.0390608315873155 0.06867018511715883 7.954962494903316
-4.023920103900411 0.08955993205264526 8.014658485092916
-4.0301238694638215 0.12606963634523832 8.066598199651569
-4.052346025652374 0.1705296841925545 8.10632297163006
-4.091550170397701 0.2184459170021925 8.124668929343228
-4.140781 0.25975924820992924 8.115739948526565
-4.190434820633707 0.28846410655341964 8.084759072112368
-4.229006712652772 0.29440919383551356 8.032971047138755
-4.248376145049223 0.278659735870315 7.975206228433214
-4.252733168502546 0.25060121020904075 7.920654084683204
-4.236250883906508 0.209653364580275 7.877676827544216
-4.203282150851528 0.1637701121672794 7.852776055172094

/group/splenic_branch1/47
47
posId 47
-4.174602004999595 0.05094127396106723 7.910994198664845
-4.135843541868848 0.034364214031864966 7.946999179372937
-4.107051009683955 0.03443155479518445 7.9936795782611405
-4.097721899994832 0.055255222586307884 8.042292850509329
-4.101474934241255 0.08517864023070425 8.084395145780647
-4.1166952474993845 0.12231974593925427 8.119568635546603
-4.149589097251576 0.1637324959052125 8.133031933666471
-4.190299 0.19622149201108705 8.119486656576926
-4.228754412449143 0.21768415722475165 8.091837054473205
-4.260036956345298 0.22389947659238074 8.051243326996207
-4.278373338676348 0.21327375343610508 8.00447814347233
-4.281283796323054 0.18848716977207786 7.959867273449592
-4.269580747254092 0.15399439742928314 7.923268075152879
-4.241760761821162 0.11430031645966493 7.904364624562216

/group/splenic_branch1/48
48
posId 48
-4.2249549100454065 -0.00839220254308395 7.935778642087616
-4.183390219415717 -0.026533944464843792 7.975428406895617
-4.151803298747919 -0.026816612809993742 8.02636393801611
-4.140053471985788 -0.004469482324310464 8.079900238056156
-4.145871138358389 0.03079958566577863 8.124772893211558
-4.163899438679167 0.07270486287878142 8.160010418499839
-4.198118795059893 0.1184881577796283 8.17489014162857
-4.241724 0.15540667990027396 8.16084858386895
-4.283435171720288 0.17882271841389738 8.129085966149955
-4.3168259410450975 0.18455810848122509 8.08361701758434
-4.337889165104135 0.17348536059927394 8.032302861070836
-4.344493395034561 0.14726595722783975 7.981169567001994
-4.331358203028788 0.10667514164077244 7.939999203457091
-4.299024571921796 0.060489483302512775 7.921432788927433

/group/splenic_branch1/49
49
posId 49
-4.275025234296772 -0.07576439511704333 7.95057503545104
-4.227440005702323 -0.09552147478886718 7.998858316402371
-4.1917928002908 -0.09444133160539997 8.058601687880406
-4.1793116121590685 -0.06688103611151838 8.119868850668425
-4.186152714979483 -0.02531809687966169 8.17040722373782
-4.20651330256377 0.02358991664627401 8.20979858079698
-4.245082630161152 0.07688541246567898 8.226004569049012
-4.294515 0.1207507728425043 8.210495004859153
-4.342367519035129 0.14778021070053848 8.172570878712374
-4.380706665815515 0.15404274623415842 8.11933648021721
-4.4039899255375206 0.13956687140658686 8.059873853275421
-4.410944762239315 0.10805221082757256 8.00175021227834
-4.3964184331279945 0.06059519849806678 7.954997144410287
-4.360151239012857 0.006423793185466285 7.93373621278371

/group/splenic_branch1/50
50
posId 50
-4.332213148909903 -0.10662347359866751 8.007262432285398
-4.293380805134855 -0.12262337834125969 8.047596989746179
-4.265776740636406 -0.11940979578123705 8.0972659330968
-4.252574926388494 -0.0992551828953597 8.147819080569365
-4.256291512960537 -0.06482448569305323 8.191314700238268
-4.277675744754702 -0.02198737828436502 8.218081282937499
-4.30875475806641 0.0213700841139 8.229777302754618
-4.348132 0.059765863482542994 8.220790650852246
-4.387541570797991 0.08166578773805042 8.188006797231264
-4.418055459439504 0.08498376796323476 8.14299137085215
-4.4360317417611235 0.07168201803715586 8.09451157167129
-4.440294915115095 0.044633509553775666 8.048620949871017
-4.428737871198251 0.00604680228606691 8.011936846871373
-4.400831966789712 -0.03804405155598174 7.994007412285937

/group/splenic_branch1/51
51
posId 51
-4.386692620919731 -0.1522248705107607 8.044512154382831
-4.3488670960939215 -0.16832206872187225 8.08351780072787
-4.320780403529212 -0.16640607121785733 8.131955975748342
-4.306890552572047 -0.1466383528060805 8.182338718863955
-4.310754654425879 -0.11150617564764226 8.225379451244768
-4.332809008312782 -0.06814272544560117 8.250350706877743
-4.363927044074162 -0.02550996459747731 8.259532956331682
-4.402032 0.01154300761486396 8.249499451826189
-4.440156469232479 0.03319181246698549 8.217802763695941
-4.470930093552192 0.037931143584920626 8.174333900165557
-4.489471668663464 0.025117901726653014 8.126140293782266
-4.493695655793633 -0.002493939574543219 8.080486156380998
-4.4820075295601205 -0.041683000750807296 8.044492294771887
-4.453592972025874 -0.08578411468537904 8.028844674012104

/group/splenic_branch1/52
52
posId 52
-4.440530726837287 -0.1982961792065477 8.079204135157545
-4.404545021576861 -0.21130501745612326 8.119647884059567
-4.380701022746034 -0.20506957197388748 8.166916646433336
-4.370037195997459 -0.1844870322215294 8.212577453756335
-4.373508942167683 -0.15238499547377965 8.251184056055983
-4.392225833181709 -0.11300030811745287 8.275098127232196
-4.421187398269468 -0.07404416036733166 8.28180432147431
-4.455677 -0.041247153125327896 8.271056236230558
-4.489849755806628 -0.021668510239698822 8.24260663699772
-4.516398924605751 -0.019191988616863838 8.202955415636737
-4.53344396247479 -0.030140578083398033 8.160219972770275
-4.537991303381373 -0.054622115766743265 8.119107405904632
-4.526282691460571 -0.09059261352168546 8.088530478755484
-4.502274767590252 -0.13037936508277648 8.072644644663153

/group/splenic_branch1/53
53
posId 53
-4.494871694211422 -0.23484917243640405 8.122020061381427
-4.464198977340454 -0.2428433533352709 8.160567301933183
-4.4433744458434585 -0.23739487797409672 8.201532850670189
-4.434575985506006 -0.21884587289536767 8.2409421513928
-4.438908337270974 -0.1901981357588194 8.2729317578162
-4.455598445194199 -0.1566220749025884 8.291713842992124
-4.479548194230248 -0.12383625556982802 8.297723730656113
-4.508523 -0.09693924340809704 8.287626234372697
-4.535867260272001 -0.08346945290328134 8.261890621276942
-4.55756669929903 -0.08099080344715737 8.23029881453098
-4.572959965450999 -0.08839367281164326 8.195425872333177
-4.576936365954989 -0.10876580341750147 8.161306153490036
-4.568245784798458 -0.13858523291321867 8.134744934245687
-4.549414053107953 -0.17306016120706422 8.118190824754745

/group/splenic_branch1/54
54
posId 54
-4.546038461325523 -0.2804456188298305 8.152377779199346
-4.51311350103951 -0.29140712277141967 8.190117344811119
-4.4888277940581265 -0.28833524240848774 8.23302817845059
-4.477564064938887 -0.2693917969046551 8.276598808258122
-4.479803114544087 -0.23875386360588707 8.314418446178067
-4.498141970482907 -0.20016242252869546 8.337287941149405
-4.527130002577631 -0.16297362864565995 8.341266049869434
-4.560031 -0.1324826178523204 8.329949965536308
-4.592684104268839 -0.11339012515234362 8.303629617767392
-4.618951069439455 -0.11008830900581501 8.26616779593212
-4.63280356841708 -0.12381975283927676 8.225507072742635
-4.63575005672732 -0.1479135113058338 8.18825266114591
-4.62582422210999 -0.1809900444768691 8.15940666396007
-4.603399341909222 -0.21808941707587973 8.145074415429363

/group/splenic_branch1/55
55
posId 55
-4.5946630274656375 -0.3280371368551292 8.177712139148998
-4.558304417648741 -0.3416595932529067 8.216601935127423
-4.531422396037495 -0.33855341214106044 8.26315317807357
-4.518480116690131 -0.31828007925148927 8.310925823410784
-4.521586664215437 -0.2842905047198293 8.351936064698528
-4.541653321766313 -0.24227653892248632 8.377060861056341
-4.572789099958469 -0.20106609515939913 8.383659598737122
-4.60966 -0.16736021484435154 8.371086523729643
-4.6457603892782195 -0.14746362530396556 8.341077191506718
-4.675177084051894 -0.14343637465224107 8.300166377389854
-4.692594876631639 -0.15668899967819155 8.254823871997077
-4.695296929609756 -0.1844304607171059 8.213099880355946
-4.682859470455862 -0.22185841348957797 8.182147973571379
-4.658061885325006 -0.2628390623926548 8.16587293279931

/group/splenic_branch1/56
56
posId 56
-4.640241481376686 -0.3771258007850141 8.197991472234916
-4.601045340942173 -0.3896684391012717 8.241683209476925
-4.574212924412451 -0.3832720094791721 8.291975902269023
-4.55876890910775 -0.36361890274948866 8.34265090535528
-4.558084328087721 -0.32958787067069806 8.39000840197531
-4.578125819734074 -0.2832960782994789 8.421919734274516
-4.614600227829207 -0.23679875959666602 8.42863925655566
-4.656879 -0.20085459739865308 8.412005187511847
-4.696313445904931 -0.18139043796655904 8.377360223099883
-4.726111168598592 -0.18051974038820853 8.332357555428333
-4.743296364972812 -0.19557541479925392 8.285238103341808
-4.74837855345209 -0.22264531440276122 8.240534250466517
-4.739738582977392 -0.26093097980173635 8.20184195685437
-4.711868785791896 -0.30666484586140375 8.182823696576769

/group/splenic_branch1/57
57
posId 57
-4.686019911497888 -0.40731120244550484 8.235296177448769
-4.648277496528282 -0.42153164164809515 8.273079031280382
-4.621333015478108 -0.41735180398093413 8.31991006471998
-4.607888644050663 -0.39755615675922723 8.367815497446207
-4.60950105708486 -0.3648235494569926 8.410712621641196
-4.629982539751352 -0.32273516733414803 8.437832928499954
-4.663152506368801 -0.2816565192480309 8.44422813384829
-4.701406 -0.248250779539897 8.432249248206277
-4.738312520351416 -0.22965683462966963 8.401799318449633
-4.766907907980093 -0.22782347040924775 8.360785417165275
-4.785044398171891 -0.2398895510327379 8.31644312043809
-4.789657033319137 -0.26561743933878673 8.273769979972364
-4.778017465911147 -0.30239748754408424 8.240537415732938
-4.751703306061063 -0.34341449554393716 8.223785416337838

/group/splenic_branch1/58
58
posId 58
-4.720778804335725 -0.48158353446163205 8.218656781616051
-4.665439836414979 -0.5024773056431592 8.271552569716627
-4.621868936459927 -0.5016832970942022 8.337838435161247
-4.6016408340953445 -0.47278894161979435 8.409368803377312
-4.608667001961057 -0.42285267909636987 8.470209983295375
-4.637555872180977 -0.3633541367138882 8.51202223165999
-4.687435879571988 -0.3052918090605443 8.520394488721134
-4.743209 -0.2602177586794082 8.501397547114678
-4.799118737851278 -0.22661244593520957 8.465810145230154
-4.850405189072097 -0.21281879129450273 8.408829644470151
-4.8748357946392735 -0.23654229051475711 8.338403247354595
-4.879284200617015 -0.2771949543897221 8.27366829616617
-4.863646991348239 -0.33141696870698706 8.219579826338338
-4.820986475976591 -0.393222303454729 8.195064396237743

/group/splenic_branch1/59
59
posId 59
-4.759310972815805 -0.5168581522100102 8.24181822984169
-4.70458419743953 -0.5343921073333392 8.295884263047352
-4.665525264124668 -0.5290334179862622 8.361156271393497
-4.648011038985969 -0.5012845129117395 8.428266983828415
-4.650239885982741 -0.4582368379272462 8.489270358500727
-4.673273784770884 -0.4027031194406433 8.538409750104611
-4.7231051373380994 -0.3437659077676062 8.553338097247584
-4.782265 -0.2985383964507356 8.53411923958052
-4.83897168641605 -0.26909309334379977 8.494934107717453
-4.887231843185487 -0.26017524694127914 8.43748583395742
-4.909901984220795 -0.2831449437183467 8.369950609879451
-4.914256250726763 -0.3205630243845863 8.307699704833189
-4.901713616576032 -0.370131681797907 8.252083202132056
-4.862622427572304 -0.430162244246208 8.219774364903396

/group/splenic_branch1/60
60
posId 60
-4.797830394027271 -0.5369558981114072 8.280899545059793
-4.74749322813892 -0.5539886506006503 8.326219527912599
-4.709302473808008 -0.5524897304961294 8.383421835991413
-4.691012173406174 -0.5297605800577591 8.44564362872845
-4.694390959009792 -0.49083280117335926 8.502384617858889
-4.719611597323448 -0.4413805993670989 8.544418974775503
-4.7638521675776495 -0.38981356541342527 8.562492407427477
-4.818551 -0.34678206265897804 8.552045843338195
-4.873921172940424 -0.3174499047388325 8.518960187126714
-4.921486016705614 -0.3081352077638235 8.465408857347716
-4.942543571201477 -0.32996511986869625 8.40063688500781
-4.94583175273452 -0.3645126537824573 8.341254558767043
-4.932056885433971 -0.409857537392485 8.28928607902391
-4.893013102918373 -0.463106533430701 8.26109036847897

/group/splenic_branch1/61
61
posId 61
-4.8287673820886425 -0.579543060772363 8.288268931064001
-4.772698026314896 -0.5972708110128593 8.336778888411876
-4.731685859844147 -0.5946931680069563 8.398709408540723
-4.713156796423336 -0.5707284323123885 8.465481458744481
-4.718681012904044 -0.5307470783612689 8.52575457416288
-4.746268707525327 -0.48127982822485676 8.571209316558797
-4.793542354745562 -0.4296832074871838 8.592665248563389
-4.852045 -0.3850258646866151 8.586559086115992
-4.912339632742642 -0.35441446594506937 8.554040794972735
-4.962262768396047 -0.34647530412504746 8.497500414678111
-4.985658595173934 -0.3670585139108189 8.429653045413824
-4.990923006312362 -0.40047279898420124 8.365415415289837
-4.974127682832938 -0.44676352975866046 8.310222227273398
-4.932846844376291 -0.500479061230621 8.27675256269094

/group/splenic_branch1/62
62
posId 62
-4.8635989136109945 -0.5921208200291438 8.336609615805601
-4.816712711474613 -0.6071657298245916 8.372800781219842
-4.780901807863404 -0.6072588148774967 8.42161367669139
-4.763381335221794 -0.5902481625225117 8.477175692190068
-4.767515658958438 -0.5592076688801842 8.529175225625846
-4.792275333091861 -0.5199697101824403 8.568187351722903
-4.833451702938519 -0.4798178665376128 8.58644051124709
-4.882725 -0.4463075781794806 8.581281788792134
-4.932128951452165 -0.42331460704071816 8.556409387971101
-4.97278589709617 -0.4170973352872692 8.512342701208413
-4.992664828285809 -0.43155055838514716 8.458304737714347
-4.999368559077398 -0.4553022940905063 8.405018014182014
-4.986288023634809 -0.49060919040106615 8.357331564843898
-4.948901400172469 -0.5318317675469316 8.331905615495176

/group/splenic_branch1/63
63
posId 63
-4.8934162784921025 -0.6166595594960992 8.369774878227199
-4.851960154535203 -0.6284624754282901 8.40057106321492
-4.821751487060326 -0.6275833587855273 8.442536046850257
-4.807233569001268 -0.6140497753877605 8.489706878472454
-4.810520453652229 -0.5900904234599783 8.534683366340651
-4.8332740603612 -0.5592741861290353 8.567906130367154
-4.868870557582687 -0.5284259961800969 8.584123491735014
-4.910567 -0.5021209703682796 8.582875714518732
-4.9521475946932405 -0.48506145335705975 8.562740321264668
-4.986518420550522 -0.4798307311343666 8.52782638386981
-5.00518646208018 -0.48924468416049904 8.483623658109034
-5.0116639489228385 -0.5071282807847274 8.438181365728527
-5.001500957326683 -0.5343773306317277 8.395569531689343
-4.969658881762065 -0.5673627116374784 8.369960008426952

/group/splenic_branch1/64
64
posId 64
-4.91546037479338 -0.6600779820320097 8.370476154144864
-4.866978235342782 -0.6725434624206112 8.403891491243211
-4.835444784168764 -0.6690849281131681 8.45246917001387
-4.821704220603127 -0.6544264244177276 8.504159641590963
-4.823406784922745 -0.6318326930165081 8.554407536774386
-4.845784506027757 -0.6015064938612392 8.596014080921682
-4.887798625741148 -0.5700173672577709 8.615067966406011
-4.935549 -0.5446340078845465 8.612574493084455
-4.983313806613441 -0.5253666052041366 8.595868061487245
-5.0246292940175366 -0.5181932120580724 8.559386473467072
-5.043490201675002 -0.5295422512866087 8.50879229955135
-5.045513904948978 -0.5496011653776973 8.459635569452004
-5.0328736238422955 -0.5760460079521571 8.414515203259533
-4.999861103725756 -0.6075795117286573 8.383782603745514

/group/splenic_branch1/65
65
posId 65
-4.936882232528224 -0.6962029005627839 8.383931115744064
-4.885214509927718 -0.7090372417434698 8.41367285132651
-4.852020596153262 -0.7059155592140295 8.463019993231827
-4.83894935902324 -0.6919405000179263 8.516359373693387
-4.841020357343282 -0.6714884507955716 8.56820668472239
-4.863739093369004 -0.6441919237852171 8.612732264306354
-4.909356486474482 -0.6163002663603945 8.630528004093426
-4.95765 -0.5936783148147146 8.630996007668813
-5.005216592519191 -0.5778763166749484 8.614219887305545
-5.04481790419844 -0.5727100076027912 8.578998622509305
-5.066354548314521 -0.5806365930918433 8.531282768586449
-5.069977205615288 -0.597525500492139 8.481874459701611
-5.057875160441034 -0.6207803970363575 8.434973704141253
-5.02589719541649 -0.6493109562399751 8.398613839400552

/group/splenic_branch1/66
66
posId 66
-4.957007801452601 -0.7301642618709266 8.405880372502448
-4.908813254486717 -0.7394995126317544 8.433668872778572
-4.877074099623094 -0.7372532603064579 8.47804140790218
-4.8642998521718885 -0.7261846087017481 8.527471454581878
-4.867866179742873 -0.7093284500527538 8.575624690498282
-4.890197904198917 -0.6876495023934805 8.616647733852648
-4.932602966571902 -0.6660032899083098 8.63391830724566
-4.976846 -0.648319276630262 8.636716774933053
-5.021436699004759 -0.6352209180379567 8.624862593753685
-5.058571431303309 -0.6311793050309694 8.593662966104244
-5.077602633203498 -0.6380446713771137 8.549916239640883
-5.080259903821436 -0.6515540692500955 8.504825263789836
-5.067777787590032 -0.6698967625640364 8.462559612476692
-5.038353375586287 -0.6917543490044562 8.42933845941978

/group/splenic_branch1/67
67
posId 67
-4.968268868556348 -0.7797620425705455 8.388771538056545
-4.907492813828858 -0.7894132800441924 8.420734295865117
-4.866042161582641 -0.7874628966365018 8.47401970367148
-4.852037610149446 -0.7748485851408876 8.536138350195849
-4.85794651009901 -0.7569266260910089 8.595700861761042
-4.8842889715489415 -0.734687822580759 8.648472843063828
-4.933458008228271 -0.7110053585441959 8.68119140281576
-4.993123 -0.6916097050534903 8.68642119437634
-5.0495927399479275 -0.6803218170670762 8.665285858647074
-5.095267745971931 -0.6770566886240403 8.626548834674509
-5.121434865518821 -0.6835252329489726 8.573584844082562
-5.127667967258696 -0.6972359941457128 8.516061240030915
-5.113334716366733 -0.716870515777849 8.459546249183832
-5.074957086706279 -0.7408384079884787 8.413775627186093

/group/splenic_branch1/68
68
posId 68
-4.98925420822342 -0.8095077369729569 8.447027148139652
-4.947695818374789 -0.8143192877789549 8.470567956436152
-4.918803962863067 -0.8131921293472564 8.506443815709304
-4.9084800781771705 -0.805957497506551 8.549067368720893
-4.916173243509031 -0.7948495064658433 8.589282600249453
-4.935605286158577 -0.7822759327129041 8.623312839467916
-4.9675515388103815 -0.7692575780745515 8.64587403236957
-5.006806 -0.7581296114130125 8.652357391187921
-5.04524340183755 -0.7515405554990797 8.63991521317118
-5.077526611728651 -0.749253323919905 8.61530071176381
-5.097736907420301 -0.7524589649623982 8.579660041690031
-5.10225726603969 -0.7606478962789802 8.539092025803043
-5.090894989460131 -0.7724678244799884 8.499702540394635
-5.0645151077681385 -0.7865705185327017 8.466446347438648

/group/splenic_branch1/69
69
posId 69
-5.001675340925246 -0.8563090671113599 8.46146093675771
-4.960581674841158 -0.8608964146581841 8.48236832659302
-4.932150001592474 -0.8600839793218915 8.517198332909848
-4.923202119896793 -0.8537773672495712 8.559072037240394
-4.927380110950636 -0.8450136824645791 8.59933447536298
-4.945397998482677 -0.8341691817278466 8.635293000614544
-4.9781136629414915 -0.822559925944129 8.659298589225545
-5.018655 -0.8125827432744843 8.666522071546085
-5.058134011739013 -0.8067404367556226 8.653768162151158
-5.090169458470734 -0.8050173933478689 8.628002377525776
-5.108391962272272 -0.8082815390160175 8.591663727698517
-5.112174730362147 -0.8152838139656922 8.551809592082298
-5.102179228353657 -0.8251279592061663 8.512304897177213
-5.075046337814903 -0.8371112860388363 8.480364143592297

/group/splenic_branch1/70
70
posId 70
-5.013344359331794 -0.9054924532196307 8.476333161444405
-4.974597344059722 -0.9096838160920062 8.496298545606122
-4.9474531079400474 -0.9094786442279109 8.528885949924712
-4.93836016714027 -0.9045584035799572 8.568528418253319
-4.939699869808534 -0.897640264160191 8.607942823101038
-4.956908907273431 -0.888195662766649 8.643975245442446
-4.990828175870502 -0.8780838703379179 8.664644924495537
-5.029462 -0.8695003561439701 8.670816604607122
-5.068477416179512 -0.8632048706252906 8.662999670171123
-5.1036808318567966 -0.8600939996715498 8.640732212017053
-5.1194037835817765 -0.8635263117321773 8.602237089278926
-5.120282652703575 -0.8700260927234925 8.56273564979663
-5.110771067247007 -0.8784090491233782 8.524092798239327
-5.084325029287062 -0.8888589148245399 8.492784007286831

/group/splenic_branch1/71
71
posId 71
-5.0169470448895455 -0.9656053772612658 8.440511916595701
-4.958974259534916 -0.9733195456295187 8.465206356589963
-4.919219794584211 -0.9739743107816766 8.513563398270165
-4.903510301908122 -0.9684524779761945 8.571860214083507
-4.906337705467302 -0.9591949153271419 8.630864556439013
-4.931951159801673 -0.9462168886713841 8.684829851570893
-4.980542484852002 -0.9314718317218802 8.720258550563026
-5.040016 -0.9183546641557159 8.730199315795732
-5.0994537505263615 -0.9086849853492582 8.716816212505293
-5.151538913914062 -0.90366680342417 8.681664071019274
-5.177562502479945 -0.9070210223786149 8.624364418585383
-5.179469741171311 -0.9156028459717154 8.56365324169013
-5.163048347834178 -0.9274345465010035 8.505251668454713
-5.12262251150313 -0.9422960556727537 8.458189347164767

/group/splenic_branch1/72
72
posId 72
-5.029427934488167 -1.0170954364849316 8.456171828307674
-4.974379378573897 -1.0258683523194403 8.478601953722904
-4.934247075346765 -1.0285841288085178 8.523082805397681
-4.9197370102685225 -1.0242424821243992 8.579856493877918
-4.925658493317069 -1.0156508483674438 8.635901966722278
-4.953068039831341 -1.003558070757829 8.683777848456517
-5.000100292764178 -0.9901916133304401 8.709490511420228
-5.051109 -0.9784402867859234 8.716393526536883
-5.10069980803094 -0.9695705942880111 8.703575275117869
-5.142119793124012 -0.9648425609928842 8.672382153784879
-5.169661244104144 -0.9649056924156828 8.627128056041393
-5.17430623307228 -0.9708664996248269 8.574014790937403
-5.15891223716716 -0.9808531351598823 8.522704980116336
-5.123594999509055 -0.9938157982837593 8.481034783810085

/group/splenic_branch1/73
73
posId 73
-5.043191528715097 -1.069809491710423 8.470455784902127
-4.994263279727233 -1.0788246208125216 8.495872559469698
-4.960475011266618 -1.08215167804744 8.537917551895251
-4.944405822175006 -1.080164430257061 8.588076996518215
-4.948483687099155 -1.0730449969021871 8.639770392752354
-4.972239735639295 -1.0618188146941265 8.685306147134163
-5.013860897323958 -1.0481524722546711 8.714365939164335
-5.063533 -1.034957319411187 8.722726756288404
-5.111538369339086 -1.0249259380924733 8.707813852789386
-5.151501358611868 -1.018729309171864 8.677195948797328
-5.17714725984931 -1.0176845263412884 8.632772369168592
-5.180751044639359 -1.0228590347548927 8.581563533001022
-5.163977739883039 -1.0326377357468866 8.533760062770405
-5.1299388895035065 -1.0454211970508949 8.496416587121304

/group/splenic_branch1/74
74
posId 74
-5.055323430049972 -1.1268405355186084 8.459254272658834
-4.998600924882902 -1.1407927914272247 8.485172383683368
-4.96015030293917 -1.146777237268197 8.534385470222404
-4.945659177708325 -1.144629749577623 8.5930445063872
-4.95058490697413 -1.1367939621167977 8.651142442891262
-4.974163024657509 -1.1239233807122717 8.704788018660754
-5.0231150942647895 -1.1061633122649914 8.734523762263606
-5.078076 -1.089305508210944 8.7398287102289
-5.1311868599378165 -1.0750044103690994 8.726832296416822
-5.177222432658766 -1.0649811720104507 8.693951060376754
-5.204645998867954 -1.0624862943888473 8.642695981675034
-5.208567387195629 -1.0676722611932634 8.58487076064267
-5.190889511265785 -1.0788968195513913 8.530303142771182
-5.152504630044632 -1.0948905132717872 8.488151146678447

/group/splenic_branch1/75
75
posId 75
-5.0714891368641535 -1.1830100875663032 8.453393692198985
-5.012533822528484 -1.2014514428267966 8.483214050126259
-4.968879552317458 -1.2121210903241018 8.533721166594438
-4.948977800051499 -1.2126851626779207 8.597690705380328
-4.956707886770756 -1.203047126568614 8.662525738916154
-4.984666868983985 -1.186795202763148 8.719854177901148
-5.035733074050742 -1.1644455606291195 8.754732895705702
-5.095531 -1.1418716562119589 8.761324451303187
-5.1537312101799815 -1.1221290429682926 8.746524781583553
-5.204927748719334 -1.1072178733914702 8.710124676173436
-5.2344444735393125 -1.102521886444989 8.651996959035547
-5.239269863398894 -1.1075763138537764 8.587059410938426
-5.2208927489990495 -1.1208189514954592 8.524999132698037
-5.176558092685858 -1.1417537912700166 8.48013772989206

/group/splenic_branch1/76
76
posId 76
-5.097743407731303 -1.2318636144618382 8.4887243033454
-5.050542213470408 -1.251056707422416 8.512167383553487
-5.016032075950439 -1.262494163401586 8.554200459440805
-5.001541204487969 -1.2636354026828802 8.606970635254912
-5.006174639683848 -1.2559749837506318 8.66007706523474
-5.0276265476796915 -1.241161725094734 8.707842906770624
-5.068726948135265 -1.2193581738669756 8.73626523994653
-5.116688 -1.1968821858648035 8.740971047034504
-5.162979860031337 -1.177035846161319 8.727792397157186
-5.202368663556137 -1.162257573782502 8.696353184619067
-5.222388380767929 -1.1580926898196404 8.648275639483751
-5.2257401385170255 -1.1618732601018316 8.597273990712175
-5.2139155877690895 -1.1725139380158787 8.547200178764918
-5.183165333704599 -1.1909730020634355 8.505348536416465

/group/splenic_branch1/77
77
posId 77
-5.124649388801984 -1.28391197328943 8.496881308168687
-5.0814921095080825 -1.3061810074654485 8.52191295259546
-5.050013471507902 -1.3199579834335524 8.563041881246523
-5.0366419616747695 -1.322201533963524 8.613982299469615
-5.039373161256392 -1.3150454271903238 8.665699130877027
-5.059968203607714 -1.298191543349405 8.711507480474042
-5.098108307156917 -1.2732374146800418 8.738300971039564
-5.142338 -1.2471384328461543 8.743037211609513
-5.1858000239356095 -1.2232968600701528 8.730955451279469
-5.221721618672912 -1.206009862731856 8.698541421235742
-5.2393690022489 -1.2008912020867504 8.65132372018102
-5.242596450853209 -1.2043282074331263 8.602128056816834
-5.230975048430569 -1.2161822792310044 8.55454140790231
-5.202576872202386 -1.2368207525088142 8.515501667261832

/group/splenic_branch1/78
78
posId 78
-5.1506932461331525 -1.3445802111136695 8.45625178622343
-5.097016602547306 -1.3793984364257676 8.493873201250551
-5.059014222720268 -1.4005387482938463 8.550705191456007
-5.044348644779869 -1.4033543622142237 8.618593279437505
-5.051222124279957 -1.3906836193040644 8.684413762791117
-5.075453896819034 -1.3662643242474168 8.742272600746311
-5.120928171790699 -1.3292577530389291 8.774989466003923
-5.173264 -1.2904991850511196 8.779682479090331
-5.225219677985008 -1.2542442317119036 8.765227803605852
-5.269862196853441 -1.2263611846211673 8.724691138773254
-5.292181650116238 -1.2172271806722128 8.663081546578624
-5.290782539635447 -1.225600059040306 8.59984807235693
-5.274339027735081 -1.2442351348863716 8.542828973867085
-5.24248915677552 -1.273080601270857 8.494743147616632

/group/splenic_branch1/79
79
posId 79
-5.189294184068717 -1.3926092787799562 8.468835843472144
-5.138064124368487 -1.4333383576834982 8.500413778274062
-5.102551963156377 -1.4569589665622744 8.5582756206461
-5.089246324257592 -1.4598246279236564 8.626628600087212
-5.092316126421072 -1.4485139612984095 8.693915090345813
-5.1147650629667325 -1.421193222422522 8.75396090001691
-5.15929796693728 -1.378208089765483 8.785631616778481
-5.209583 -1.3335021700849286 8.791511509582252
-5.259800686877552 -1.2918087629184194 8.774355645944496
-5.300753373800784 -1.2617945815784193 8.729270589560201
-5.32109486813528 -1.2520734632605235 8.66642155269253
-5.324071956118674 -1.257760076659937 8.601776807198245
-5.311927472929151 -1.2764171490198915 8.539055786896753
-5.278466859074619 -1.311931347653681 8.490173409240521

/group/splenic_branch1/80
80
posId 80
-5.235604462309144 -1.4300759675366383 8.514187403741817
-5.1990392806590044 -1.4625357217222512 8.540179340580252
-5.171818646187669 -1.4833113548114283 8.583220898375428
-5.158939447354456 -1.4884783799728045 8.636184935934516
-5.161093500731869 -1.478628583280678 8.690148572473031
-5.179204091303686 -1.4540683765069522 8.73658296395613
-5.211764046400833 -1.417997193519152 8.763545118855275
-5.250294 -1.3792442316608575 8.7679606232635
-5.288247404778934 -1.3440935014119564 8.751179655312459
-5.319855297751421 -1.3179631787665353 8.715227029588835
-5.335537371384107 -1.3097301645523072 8.664310313959536
-5.337490345223916 -1.3152508074345888 8.612204120191793
-5.325446096002628 -1.3339463601555068 8.564809374094178
-5.300403883976377 -1.3639128486321888 8.52852536237358

/group/splenic_branch1/81
81
posId 81
-5.282301191308646 -1.4701139473263622 8.540566299866962
-5.252690400589037 -1.4980309022554232 8.56364053053511
-5.232176481383533 -1.5138702381657076 8.601476034022628
-5.222681339639679 -1.5170123400412716 8.645133856574521
-5.224881321760177 -1.5077013982245882 8.68858346199299
-5.239362679359841 -1.4863874114091629 8.725110203871072
-5.264344751715369 -1.4562610057256264 8.746666563977701
-5.294283 -1.4238139508668357 8.7496821952668
-5.323212993063004 -1.3954934031205442 8.73366296966329
-5.347146625441837 -1.3746046079666359 8.704554512473498
-5.360483071070014 -1.3667700427341094 8.664586663198655
-5.362316377895433 -1.3715504560778224 8.622537197628253
-5.35341032746975 -1.3872435357476516 8.58394085236842
-5.333681816372375 -1.4129601940160215 8.554900033609195

/group/splenic_branch1/82
82
posId 82
-5.329714920434091 -1.5117780619998409 8.557937862069803
-5.305677341446787 -1.5335580091995482 8.584397959340825
-5.289585120359314 -1.5453709264043163 8.61756820572379
-5.281361046596384 -1.5479293865243176 8.653945178744296
-5.28277013777712 -1.5398344741667538 8.69046732007977
-5.295403871761967 -1.5205976627991264 8.720058453921725
-5.316481010149979 -1.494581312700993 8.735492330358891
-5.340438 -1.4676577521215544 8.738251093608417
-5.363488033090926 -1.4448538376516713 8.723592606377121
-5.381502251138718 -1.4294673436858922 8.698537249192299
-5.391812727847269 -1.4237676732931408 8.666847984277517
-5.394147143866613 -1.4271800816290545 8.633411836517597
-5.387180145071262 -1.4403768377089696 8.602639516616618
-5.37217456061155 -1.4612851788791255 8.578325975316

/group/splenic_branch1/83
83
posId 83
-5.376021846509572 -1.5587211301530879 8.559130399554249
-5.349162463327037 -1.582686878455528 8.586464599647654
-5.329778255650869 -1.596824930662561 8.622088484342589
-5.320452239851552 -1.5988524666073007 8.663263022832602
-5.3228873930479095 -1.5881283712593008 8.703833169354986
-5.336872812495702 -1.566282306890752 8.736756944966777
-5.359934818403946 -1.5372419504853334 8.755890560271425
-5.387646 -1.5066660159797434 8.757139977794221
-5.41386875509054 -1.481392817981855 8.739895142751676
-5.434827850219767 -1.4640445837251497 8.7117549521774
-5.446435535866202 -1.4585597419173881 8.675414164353889
-5.4490680085081395 -1.4632124247624487 8.637488388600907
-5.44071504776365 -1.47916028440191 8.603225100907268
-5.423093947340744 -1.5035316367171137 8.577619367304258

/group/splenic_branch1/84
84
posId 84
-5.42175717594025 -1.6074055255266062 8.559353787634986
-5.3909302220929725 -1.6333009925965551 8.588192390378985
-5.368405490393567 -1.6482237786340366 8.627609368131425
-5.358547602029741 -1.6485000514678245 8.673555723392454
-5.361825769976887 -1.635425568920155 8.71783938962672
-5.376122472019603 -1.612249634906511 8.755694684835403
-5.401883027874747 -1.5801287349161093 8.77968294420113
-5.434795 -1.5456431939922586 8.780268564590068
-5.465788505736115 -1.5177262418194504 8.759906621228465
-5.491078396746463 -1.4983210860514538 8.727810670265432
-5.504527334901665 -1.4935068060541632 8.685485038954438
-5.507221974889107 -1.5001757577309986 8.64198277823289
-5.498537964067704 -1.5180296498560149 8.601662721275888
-5.478385612246769 -1.5460177873531193 8.569774908241282

/group/splenic_branch1/85
85
posId 85
-5.467038377729164 -1.6547160471872269 8.569309019174195
-5.434698631480135 -1.6787420375483884 8.59874173783884
-5.41231403591407 -1.6906340135630809 8.639174351384222
-5.40296793387722 -1.6889075757111407 8.684386993333366
-5.4065842276943075 -1.6753135115894553 8.727275774184761
-5.4220549105672395 -1.6521568593733558 8.762575131906509
-5.448805140293157 -1.6218917209488648 8.78222614137206
-5.480772 -1.5906809162431688 8.784724817687424
-5.512630282759404 -1.5640600562376772 8.768230868781128
-5.538437761498766 -1.5468545743052375 8.736413093302934
-5.552012932056895 -1.543648161134015 8.694934173965837
-5.554627756592831 -1.5511427360427006 8.652599104570175
-5.546685248862754 -1.5682202395886897 8.612507110812077
-5.526218328497887 -1.595410222756877 8.580393691859934

/group/splenic_branch1/86
86
posId 86
-5.511962613439065 -1.6980308548434893 8.59707032065113
-5.4833638993738445 -1.715457188608874 8.62369217553894
-5.461974108627293 -1.7251554089183019 8.656802785465159
-5.450566762114635 -1.72494787222562 8.69575004321828
-5.454921999748968 -1.7117082569954718 8.733587255204881
-5.470421367049274 -1.6910653329826426 8.763475503535194
-5.495018416413556 -1.6659618817398587 8.780608952510065
-5.524464 -1.6402649313874933 8.7838861549357
-5.554695859806028 -1.6180372974221955 8.770806241303568
-5.579539633054015 -1.6041532530553801 8.742716281550422
-5.5912420189194805 -1.6037499668826354 8.705200157118608
-5.593541458145718 -1.6112370491523418 8.667886111625883
-5.584779300239324 -1.6272307284976597 8.633879120565819
-5.565434376602296 -1.6502412300598779 8.607474337767655

/group/splenic_branch1/87
87
posId 87
-5.552084233700068 -1.747908734232045 8.615141801398304
-5.522359683094954 -1.7627373619469728 8.638957086811185
-5.499193566767273 -1.7709342420853114 8.670097322794513
-5.486838931309354 -1.7695535865384764 8.708240298172418
-5.491175957208068 -1.7564370777405687 8.745772805898685
-5.506290502050163 -1.737297422862943 8.77709117380385
-5.532171037126716 -1.713602098937243 8.79673198400538
-5.56476 -1.6901443353992271 8.797578949561748
-5.59620585139068 -1.6717821460806588 8.78239914905496
-5.622647240217085 -1.660033538412716 8.755814945297576
-5.636177578245634 -1.6601574583848675 8.71923926225516
-5.637816330261751 -1.6688873937969146 8.682180922170245
-5.626310099846078 -1.6855607144641176 8.650466037743223
-5.60583252488461 -1.706564619832901 8.626481608681603

/group/splenic_branch1/88
88
posId 88
-5.586994336217222 -1.8030086249208204 8.629780216160496
-5.555649218879395 -1.8142268712219027 8.653703888125058
-5.531956991302547 -1.8191282286757846 8.684599156954105
-5.52084549839525 -1.8150990825771733 8.7217486179889
-5.522944059061194 -1.8035204331179777 8.758920104015722
-5.536813029209031 -1.786234688168116 8.792459865264052
-5.566544796279262 -1.7645994281864739 8.809138174039104
-5.600546 -1.7453661488297694 8.808484759739622
-5.632429352989543 -1.7311301658833442 8.794266883056011
-5.657426952625359 -1.7241804474501559 8.768037439361654
-5.671145347550429 -1.725660440462983 8.7346856989693
-5.673527402578032 -1.7339407577668189 8.700163268583141
-5.6630044639787975 -1.748527087202945 8.66944790948647
-5.642687265912772 -1.7668395357822342 8.645417163976036

/group/splenic_branch1/89
89
posId 89
-5.6158471464585125 -1.8633673019072623 8.643027359562648
-5.582117124059429 -1.8705952980373783 8.667888163525628
-5.55709557018335 -1.872247983048307 8.69915668058325
-5.545873234705833 -1.8662346383615682 8.736538144229774
-5.548255339072294 -1.854407984922118 8.773913749663878
-5.563431652730652 -1.8382050726238506 8.807511758936123
-5.595743010143038 -1.8199926447430552 8.822731947617024
-5.630712 -1.804978908523097 8.822962921023567
-5.66452459537115 -1.7936264792342609 8.812242339129083
-5.691275058778233 -1.7895400035868052 8.786834417139557
-5.703755091546354 -1.7939204161351552 8.753240666195014
-5.707091780631503 -1.8022982952143975 8.719338155211522
-5.6988437209852485 -1.8153008485126392 8.686566559397743
-5.678126473436863 -1.8321876380429223 8.658793568775497

/group/splenic_branch1/90
90
posId 90
-5.637188654476496 -1.9314035850082132 8.648664411691446
-5.596419849411896 -1.936577025640866 8.674265791017943
-5.568841532902792 -1.9343282190722348 8.710964589904261
-5.556791296975372 -1.9257222778361793 8.752701801205005
-5.561803788541935 -1.9120642863107378 8.793457105380103
-5.579942055802539 -1.895739986161412 8.829343664258175
-5.614192480306022 -1.8788099038740156 8.850261477631209
-5.654664 -1.8652389819590078 8.853285798532173
-5.6941909386138345 -1.8564010998456646 8.841350116666872
-5.727729133245194 -1.853631697623479 8.815277637497823
-5.745216675399291 -1.859477660980065 8.777104924004076
-5.7484706948490025 -1.8703870186334395 8.736888814104612
-5.738626615884141 -1.885111436343286 8.697639250849114
-5.713280405622779 -1.9031080898006512 8.663724511910454

/group/splenic_branch1/91
91
posId 91
-5.6552737640432555 -1.9975027155592582 8.669418766004195
-5.614094956530461 -1.999427338115407 8.694050143779323
-5.587347388890824 -1.994528171222476 8.730399782280575
-5.576142222207064 -1.9848214046909645 8.770958815279156
-5.577551118292391 -1.9721638376241146 8.811786923391288
-5.593077950151723 -1.9567480463259963 8.851114634692761
-5.630325891164701 -1.9418574686291579 8.872351880544086
-5.672961 -1.9314287163177177 8.8747675974255
-5.714769525003275 -1.9247938522263779 8.865250153749356
-5.7503463589490655 -1.92461133558103 8.839070817019488
-5.764803636646609 -1.9334480353663022 8.798942879304564
-5.766706903895561 -1.9449748479760955 8.759363373344835
-5.758893663207549 -1.9588285841309256 8.719398071737448
-5.7333084003324455 -1.9752415618092696 8.684342588111573

/group/splenic_branch1/92
92
posId 92
-5.668045531204453 -2.0657131497121624 8.687644350900767
-5.622339455551952 -2.0669674450155378 8.707541938966378
-5.585859823573986 -2.0623106646042353 8.741882769921311
-5.56995555344972 -2.05060811803264 8.788412220947892
-5.574654861002342 -2.035302365933282 8.835883496922053
-5.598274326988064 -2.0189643828726043 8.87679190579925
-5.638980134679717 -2.0048857336534356 8.901360637561206
-5.686317 -1.9955263836764947 8.907051316648195
-5.7330037616738245 -1.991483202177205 8.89573824407199
-5.773354645848485 -1.9934778469447005 8.868051197027503
-5.7931049449524945 -2.0036116005434526 8.824621537976496
-5.794289050317301 -2.017281264504858 8.779400245789757
-5.778881241546616 -2.032455005157554 8.737980301270204
-5.747982546313667 -2.047452234312592 8.70526703014918

/group/splenic_branch1/93
93
posId 93
-5.674977832335306 -2.136358044841052 8.695619270458192
-5.626687496237758 -2.1336396737408405 8.721152599020416
-5.590857551566107 -2.1257144562574104 8.759159142791647
-5.574770356925225 -2.1126000904338373 8.807053857188242
-5.576376820128269 -2.096936064619985 8.857032380598065
-5.598410473785584 -2.080183184787984 8.903432877847596
-5.643164672109482 -2.0667653681221605 8.931186554605427
-5.695445 -2.059294567851975 8.937141058492664
-5.746264245017344 -2.057601934152501 8.924960899479263
-5.788558493983198 -2.0625368405026445 8.894357896620814
-5.809453281714348 -2.0745082952905927 8.848481633789122
-5.81348238624909 -2.0890605731277265 8.800133604667156
-5.800236276490318 -2.1051988857840387 8.752665413880552
-5.764738693446246 -2.1203296161803213 8.716172160925613

/group/splenic_branch1/94
94
posId 94
-5.683628080252336 -2.1939626529562393 8.734135848881044
-5.644887559015469 -2.188758541468637 8.758702619233034
-5.614643763206467 -2.181311348182475 8.788701688180662
-5.597488711202772 -2.1702682344716955 8.827518345351356
-5.599891462957584 -2.156846454192851 8.869936949461072
-5.621747446566283 -2.1439339774450246 8.906745861454734
-5.656966929280938 -2.133572408466512 8.932664291182672
-5.701058 -2.1285900535991815 8.939569287517363
-5.743435015478678 -2.1296589156279424 8.927478931043177
-5.778368731893963 -2.1353236648238902 8.90221859303664
-5.795718198685792 -2.146011784191755 8.864497087403162
-5.800086813176003 -2.158270431944981 8.82441123111548
-5.788582882450182 -2.1713773687945714 8.784861904380897
-5.7592921047890515 -2.183022431296125 8.753626652770222

/group/splenic_branch1/95
95
posId 95
-5.683677153800006 -2.2581788606061526 8.736164678332587
-5.6358490708232685 -2.2520312598038235 8.759876792328772
-5.598444983078779 -2.241907207095433 8.795290330131989
-5.57841985738718 -2.2276034061135026 8.84243892483297
-5.581212820146859 -2.2113486267821707 8.893772174125095
-5.606524200606164 -2.1962128502208444 8.939574924052167
-5.649346686040147 -2.1846125883131378 8.97261945352313
-5.703872 -2.180205439001108 8.981810311418704
-5.757033836094547 -2.182801085475903 8.968900144284735
-5.800156932898447 -2.191611873764752 8.937150991882438
-5.8198487871830835 -2.2059375593603336 8.88996225413834
-5.823956843804755 -2.221196455662256 8.841182374424074
-5.808246184003559 -2.236420614228768 8.794255114054959
-5.771810582109961 -2.2485661599160975 8.758918807047444

/group/splenic_branch1/96
96
posId 96
-5.6822933381390675 -2.314379793936272 8.739988921319863
-5.628375952818994 -2.3065645255549367 8.764119692426915
-5.5863708867404105 -2.293998843996195 8.803342584192889
-5.56906559517765 -2.2770440383515704 8.856639871321377
-5.577345589349435 -2.2599648262351524 8.910572508596925
-5.603647264659659 -2.2449256456696602 8.958243757145684
-5.648280498715234 -2.2342279801603793 8.992399549918948
-5.7046 -2.230747890651423 9.003907991354232
-5.7602715847555395 -2.2349657851732205 8.991137083472603
-5.806096861832745 -2.245336168386391 8.958872674866516
-5.8335388032512325 -2.260513286308672 8.911277075285804
-5.837191276110572 -2.2776575496212774 8.857252683783571
-5.821562325830992 -2.2944020880929923 8.80430551676918
-5.781662453358286 -2.3073681321072987 8.763042068575908

/group/splenic_branch1/97
97
posId 97
-5.683236035332643 -2.3549116643680854 8.76333901358279
-5.633310631427166 -2.346351446940956 8.785592276282456
-5.595890325943505 -2.3334662852357893 8.822560448540248
-5.581428379418945 -2.3174898142849343 8.871336380578274
-5.589148106917234 -2.3021745565545517 8.920079646685721
-5.612697304030555 -2.289048881720082 8.963412344447553
-5.6527909145386 -2.2801147625289557 8.995121515315127
-5.703955 -2.278228256264185 9.005746073073524
-5.75421041083763 -2.2834237111430897 8.994076010947587
-5.795013544275326 -2.2939571870648385 8.964794658138256
-5.819146214781983 -2.308264772269767 8.922142685174316
-5.820791979124027 -2.3236303030672882 8.874103529854914
-5.805580006570783 -2.337821048231987 8.828197637730971
-5.772418795691162 -2.3490522520752566 8.789922064457773

/group/splenic_branch1/98
98
posId 98
-5.6787835060360115 -2.3938423628116023 8.754753092954404
-5.619650303887078 -2.3834209906288732 8.777658916941482
-5.57579511504066 -2.3672862803870904 8.820887825762483
-5.557693693761824 -2.348081217046795 8.877894556100733
-5.562556970173002 -2.329464198901015 8.93680435507565
-5.5915282046592365 -2.314029939178837 8.989703258773217
-5.643378087799455 -2.306277383138361 9.02234646077605
-5.702653 -2.306395035069612 9.031629539421662
-5.759080393802766 -2.313664744583322 9.018121953186172
-5.805632440503737 -2.3263304037804184 8.986161686186922
-5.834440095971287 -2.3430860014493864 8.938544669174668
-5.839350039541209 -2.3610613483292613 8.883229166464835
-5.8244121645155476 -2.3780669988179417 8.827709471090232
-5.783962339195046 -2.3904091873187907 8.782594505490882

/group/splenic_branch1/99
99
posId 99
-5.675926129794246 -2.422613709725269 8.756171585063075
-5.614715862027646 -2.409459388188453 8.780616445158364
-5.570223406232109 -2.3910608043315444 8.825783368296475
-5.5484795020878686 -2.370432002609873 8.883937335710106
-5.552836246063527 -2.3507162011080145 8.946227808499048
-5.586019842971183 -2.3360817231612994 9.000458905705042
-5.639165196948084 -2.3292702144463266 9.035763928919184
-5.70092 -2.3307252719251377 9.04773719718969
-5.7606391035442375 -2.34012354870248 9.034539653067212
-5.809093339402444 -2.355287921920968 9.000457721393312
-5.838807517742647 -2.373960327247736 8.95049698036682
-5.844544626476733 -2.393152474439976 8.892524473973994
-5.827778863791834 -2.41040325392176 8.83456422147716
-5.785196156647071 -2.42185450886703 8.787693530527543

