/group/superior_mesenteric_branch1/0
0
posId 0
-1.5200758006982724 4.698678722838689 2.391262182517466
-1.688729578995308 4.73579670896552 2.34626298744802
-1.8114404395518282 4.8225919474302765 2.2489020167800144
-1.8607053713755062 4.936784045509831 2.1240562002707737
-1.8508822444187945 5.055094301605302 1.9964697692071205
-1.7779951733564205 5.167196645010699 1.8774183151704933
-1.6305723325144443 5.240470451228379 1.8024905524643136
-1.4547 5.2624920725904305 1.7837800835028264
-1.2793941666783455 5.2446904672617665 1.8080945106436708
-1.1309900758776532 5.176778486154605 1.8857899912307967
-1.0569321423828109 5.066873715108199 2.0067196700548404
-1.0461294867555633 4.948301621127164 2.1351861191085444
-1.092571226091942 4.830664788779423 2.2609847678827144
-1.2149709452903084 4.7367676177774305 2.3589267486149312

/group/superior_mesenteric_branch1/1
1
posId 1
-1.5199824888666005 4.696078224825949 2.388862003408692
-1.688614824645135 4.732438997468538 2.343169568733747
-1.811310083832244 4.8186022131383455 2.2452292845991138
-1.8605687521483816 4.932432967423093 2.1200514640100194
-1.8507468740968744 5.050623949925791 1.9923544505982753
-1.7778690698436141 5.162879757601441 1.8734420213284761
-1.6304649722342188 5.236672085759114 1.7989877567553711
-1.454615 5.259400974116703 1.7809241021769397
-1.2793314549342762 5.242358267247779 1.8059330725219094
-1.1309462321215698 5.175160388311426 1.8842827291597877
-1.0568977142984375 5.065715061427747 2.005634112255758
-1.046096432112956 4.947349044696654 2.1342905644263834
-1.0925322668804305 4.829677093581795 2.2600585321217923
-1.214916424267671 4.735394247863406 2.357648812093732

/group/superior_mesenteric_branch1/2
2
posId 2
-1.5244392338075947 4.667835535650749 2.403824309774484
-1.703616759447708 4.707773523018798 2.352082291976858
-1.8321467345336022 4.7998281893648045 2.246072833304948
-1.8847016608676264 4.91996044944887 2.1130954244817426
-1.8749432999769895 5.045266344310739 1.977399732197703
-1.798170701261355 5.165014196066304 1.8508652039793436
-1.6430659220780566 5.246622247393538 1.7694206291859178
-1.454312 5.272811606741152 1.749758551723637
-1.2670565173821133 5.253115935968632 1.7798827510662953
-1.111782808594095 5.180161251379824 1.8663852026182721
-1.0330610762725727 5.06493615795772 1.9952498388285174
-1.0210226392809623 4.939744067937194 2.1318373621564293
-1.0700780369567902 4.814794825623341 2.265314737142018
-1.1985769155949544 4.712897490071101 2.3700440393845645

/group/superior_mesenteric_branch1/3
3
posId 3
-1.5241062753538492 4.654241487085907 2.3937026676909428
-1.6997989547578072 4.697726206142483 2.336346937914957
-1.832096751396076 4.7853567859248 2.2333407855653586
-1.891776412076914 4.9043806924580196 2.1002397799581605
-1.8837426179552093 5.03212250154761 1.9614781737479767
-1.8038460652338721 5.153976943354128 1.8332086068938747
-1.64485203171479 5.2362047919764825 1.7526115318487807
-1.45372 5.26265662098954 1.7346237590328542
-1.2669927639969065 5.240319514322794 1.769557960055008
-1.1167152783439318 5.165634628258531 1.8594752085952848
-1.037765748932014 5.053166103838774 1.9865248578350245
-1.0222143222877753 4.929549285626902 2.122128579431135
-1.0697018369495004 4.804498843923986 2.2557193743237867
-1.1960838610758115 4.70011205782708 2.3623156264915437

/group/superior_mesenteric_branch1/4
4
posId 4
-1.5262998010454252 4.623941584855036 2.3931176043108695
-1.7069349757592611 4.671361775464217 2.329012991997028
-1.8372555321051778 4.763876851344674 2.219012509495653
-1.8968009552775698 4.884443592066901 2.083139932602968
-1.8900165934696043 5.014011425884836 1.9419245174286603
-1.8126131046009073 5.1403168809613895 1.809066687725843
-1.650661003489998 5.227729122437043 1.7244717767237596
-1.452766 5.256441083289639 1.7065006745756994
-1.2590670417659229 5.234716993488494 1.7433941127254098
-1.105758727150655 5.156617237220106 1.8391915413027455
-1.0286978267611924 5.040434117879309 1.9714589952918762
-1.008596261301054 4.914436480421321 2.1105943559409694
-1.0504861889201167 4.782903536797685 2.251577180569964
-1.1818885350562653 4.671998416637701 2.363932618900887

/group/superior_mesenteric_branch1/5
5
posId 5
-1.5236293857092325 4.608828440515064 2.3685864556985923
-1.7052031425131968 4.649909777722931 2.308959673222338
-1.8350742408599166 4.741479664426661 2.198066137324921
-1.8879448731113602 4.8621019411344975 2.061456763457242
-1.8789984310961476 4.988959835184471 1.9229553358434297
-1.805421330771523 5.113918792366378 1.7917143270038751
-1.6452883481470941 5.199617142844761 1.710491704559828
-1.45138 5.226198364735384 1.6968513105598209
-1.261180607513921 5.209425326539752 1.7304922289222715
-1.1055410395757823 5.1369921621175 1.8224483781672929
-1.0285967866368315 5.021889429161338 1.9549285540334882
-1.0131663707975678 4.896832251444403 2.093406232871165
-1.06084536671963 4.769452175928751 2.229378512692344
-1.1908590754070756 4.663574676810643 2.3351587317656683

/group/superior_mesenteric_branch1/6
6
posId 6
-1.524170380405019 4.574292878172357 2.3583072780949417
-1.7096328571456152 4.617779301688096 2.2930182936023336
-1.8398030011265285 4.711944673250963 2.1770685656644804
-1.8926266995333454 4.834208869146753 2.0374038822904423
-1.8825810194466879 4.9626733874304145 1.8967968419725145
-1.80667109515887 5.088774517251875 1.7649638851619238
-1.647840338533463 5.1800987833796 1.6792174819244725
-1.449489 5.213841197137987 1.6606195896052005
-1.2520622772917778 5.197178927267438 1.6974732721654193
-1.0924740773139139 5.121971522441688 1.795290051663426
-1.0154450254560385 5.003291142751395 1.9332734176372506
-1.0054844235321392 4.8754877365152 2.0750261516840975
-1.054683445046464 4.746645938342851 2.2123811114828684
-1.1823009023612485 4.635177061977867 2.3232477515015666

/group/superior_mesenteric_branch1/7
7
posId 7
-1.5186075472398797 4.5604899305687345 2.31980881745735
-1.7025204702577137 4.5941665765534445 2.262523642277786
-1.8401663871302965 4.680846071719933 2.151611217590395
-1.895364142291524 4.803085636790196 2.0103138045588054
-1.8812055514816528 4.932315701844173 1.8688266963209
-1.7968408688512443 5.05468291521301 1.7425748178077471
-1.6366575749159535 5.13855062774623 1.6671833656528618
-1.447022 5.172768302264713 1.6499479466649647
-1.2540907412035525 5.164136142938544 1.6804960157854834
-1.089954945802086 5.097203271161977 1.7724360509717847
-1.0094969046697875 4.980175693720375 1.9107137553820612
-1.0016014538009443 4.851730945578384 2.053731561241891
-1.0559944051236507 4.724187284051261 2.188974014980963
-1.18817150471317 4.6185947720881835 2.29145735730241

/group/superior_mesenteric_branch1/8
8
posId 8
-1.5219243689614015 4.5031202103046235 2.3235067232063407
-1.720368715306972 4.540197535839861 2.257302974153993
-1.86722233147053 4.633555123126595 2.134989344722982
-1.9311230527600034 4.763737920708823 1.9821505862860365
-1.9191367693225834 4.904513470389255 1.8270758258339659
-1.8303945431685025 5.0408683867824555 1.6865735380415432
-1.6542860721511357 5.136084969697049 1.602818995864581
-1.443907 5.171240908669651 1.590180071732311
-1.235220757843245 5.159793965756986 1.629163897290193
-1.0553312115053248 5.09056704685244 1.728793075042537
-0.9630600285799242 4.965440831218493 1.8795763170379551
-0.9553458536651627 4.8246434435390055 2.0371535748328142
-1.0189100352131781 4.685901954425762 2.1834776691769373
-1.1639217463312852 4.571417846578742 2.292574993304522

/group/superior_mesenteric_branch1/9
9
posId 9
-1.5191052269321774 4.4668250096164845 2.300384925197129
-1.7220820607433225 4.50026200837001 2.2335606570618047
-1.8729666724408383 4.59333160793912 2.1075878712866003
-1.9365388098842449 4.725858506366061 1.9501386602568198
-1.9225453129037475 4.868911714363567 1.7921598636588891
-1.8306562737713628 5.007017363917097 1.6510070813133613
-1.6523281963470933 5.10426908017165 1.5680806855380764
-1.440072 5.144721588110825 1.5536035080216228
-1.2262102733177738 5.1373292114876845 1.5928743627286546
-1.0471837430299873 5.064798757797446 1.6999533567389902
-0.9617957688846668 4.937270561749018 1.8549739593254717
-0.9551052373135758 4.797594262897438 2.0121740777698225
-1.011670030059244 4.6572610712881195 2.1609391644570177
-1.15536568589667 4.538347454892411 2.273115222475228

/group/superior_mesenteric_branch1/10
10
posId 10
-1.515523108059507 4.42860589108949 2.2762134472748565
-1.7115932449055293 4.470669523509615 2.1961651474131987
-1.8493744688119058 4.565011568056257 2.0669935683405605
-1.9194734715451056 4.689191977200048 1.9155240095744366
-1.9233310290734695 4.8305843140299185 1.7557285672255638
-1.8359418939913765 4.973737133074627 1.6091699387495475
-1.6538995447924445 5.076376094260257 1.5240005268890482
-1.435445 5.1151258644418816 1.5168181189999568
-1.2250169967520839 5.100084193400914 1.5688449884687072
-1.0528768800071568 5.028116726134819 1.6785620976095947
-0.962799817458048 4.907068925594333 1.8298375797285185
-0.9477210624638256 4.76932954152967 1.987392744625745
-0.9964807212676479 4.625129321029964 2.1415730854932282
-1.1386117123397477 4.497178987552023 2.2618896779779276

/group/superior_mesenteric_branch1/11
11
posId 11
-1.5003673250534055 4.435098351865713 2.2011093058262095
-1.6721499754069882 4.470527335280583 2.127987416597824
-1.7761690400758834 4.56022518499938 2.0063378313537084
-1.8203491349416325 4.665812733270248 1.878152659060363
-1.8229027518528729 4.7795099426151415 1.7487586754540794
-1.7636865206489982 4.90088350540064 1.6225113915346863
-1.614038018129899 4.990937661811314 1.5491207341584612
-1.429956 5.02684722479335 1.543722090114559
-1.2485470353225658 5.021796646560213 1.5842491766176425
-1.0981693518240703 4.963086912894297 1.6796593245415488
-1.0247612036979974 4.857919737889018 1.8129749285993908
-1.0236467470627537 4.740195580492704 1.9466583762326384
-1.0785750598007688 4.624448484684116 2.0673492409961085
-1.1924136934367706 4.520881646589126 2.1629295556076746

/group/superior_mesenteric_branch1/12
12
posId 12
-1.4946551919307685 4.39593743653065 2.174283600189112
-1.674151100839606 4.4224525947350894 2.10431978322626
-1.8007715792580123 4.5034908878970485 1.9837057991941494
-1.8537257404010135 4.616628178555648 1.8426696902031743
-1.8474111269338616 4.740775923067026 1.7021393073518272
-1.7708092951267629 4.866339726022236 1.575516977192258
-1.6111514831693716 4.956771169359464 1.5074054384604794
-1.423531 4.997907898492651 1.5018245947562436
-1.234688319738204 4.999773311439799 1.5414085901666565
-1.0679179845227367 4.94813093557509 1.637286606376057
-0.9813261679303501 4.8392484405371095 1.7808894146514787
-0.979503384835251 4.7110838011937295 1.9278095011666976
-1.045476190804213 4.585833700216811 2.0564212265070427
-1.176052031276336 4.480146174537876 2.148397861230134

/group/superior_mesenteric_branch1/13
13
posId 13
-1.4855206328127568 4.3665794977038415 2.1362993453258885
-1.6635967675011603 4.3861670804810595 2.0682735544522406
-1.796594533506226 4.459572413820652 1.949623141248525
-1.8557556020721357 4.571283835688567 1.8055875042896792
-1.8479854967534173 4.6978954334924214 1.6614226858022456
-1.7643520055082442 4.824340046361427 1.5367986034606707
-1.6038286935168626 4.916986874261568 1.470796728091361
-1.4161 4.961970786347628 1.466750058442598
-1.2271961746674578 4.9662418179918655 1.5099975565501378
-1.064381246677237 4.91469901096313 1.6110167632704018
-0.9813337627725165 4.8078559658167155 1.7555248072937688
-0.971638760164129 4.682442350513679 1.9027610593094593
-1.0235198659493545 4.552106421090374 2.0399748890739904
-1.1594236159497582 4.440570446045035 2.1340592202880506

/group/superior_mesenteric_branch1/14
14
posId 14
-1.485404597116194 4.293285322294061 2.1470544831057152
-1.6916274447405217 4.303567725320176 2.074073360907845
-1.8552689553983737 4.378368279584768 1.9383579176349377
-1.9281991965449081 4.507340858283054 1.766218409256821
-1.9174329523678464 4.657050209597966 1.5946163057516713
-1.8147678882954112 4.806287552619923 1.4507381182003252
-1.6220016982735037 4.911490874945886 1.3849108983887861
-1.407591 4.959485386161111 1.3922747940245752
-1.19853489907905 4.965544088778151 1.4470154373432051
-1.0099935315325506 4.91830946207625 1.5579101377097464
-0.9013279302045707 4.804776832606117 1.7225898341727883
-0.882456011627693 4.6597029126709595 1.8975435547075281
-0.9485319861330648 4.506092407133926 2.0573461474496915
-1.116587552829328 4.380581054337409 2.1541894606926424

/group/superior_mesenteric_branch1/15
15
posId 15
-1.4829319995783912 4.225014168698046 2.154087691463064
-1.7077035104165428 4.231351365992936 2.069063980511505
-1.8428007846346794 4.333847048966018 1.9011656856559829
-1.8888100875602014 4.4668842689660675 1.7278480220511887
-1.8739107154017338 4.60788969244006 1.5661074119958807
-1.7909884199455544 4.754542982209517 1.4211436691955874
-1.6220903936381499 4.882505877885299 1.327952956222576
-1.397932 4.95084028077418 1.3243916382939347
-1.174907723484271 4.956889963495203 1.3941529013319016
-0.9904774200847436 4.898972322261005 1.5263082018934377
-0.8946671393324014 4.779809338936084 1.7003821072643852
-0.8818687343015902 4.635839973995289 1.8751834904713838
-0.9492854450380204 4.484203013501629 2.0313932631900884
-1.1057824129205787 4.351348312179711 2.1346505334337467

/group/superior_mesenteric_branch1/16
16
posId 16
-1.4454792113140442 4.304116457332887 2.000411793025979
-1.6008044442061486 4.302901021138648 1.9388553879462163
-1.7261406341725154 4.351037483472686 1.830082902979907
-1.7782429839481813 4.446342468316608 1.6942668871077728
-1.7628761384164573 4.558914641291858 1.5650476572004197
-1.6859550548192375 4.672170624380159 1.4599795445401809
-1.545216147133053 4.757728485526398 1.4141318572611996
-1.387052 4.802986217406828 1.4238456199090737
-1.231926499888269 4.815792806645724 1.4713737865104244
-1.0953034999777818 4.785841105736094 1.5628445350853746
-1.0152767416872517 4.707210903715592 1.68992595852207
-0.9984987596090996 4.602088338507301 1.8232232230090006
-1.0531217503885473 4.487402610062149 1.9390585260934545
-1.1755905355264247 4.389996148646487 2.006575786670535

/group/superior_mesenteric_branch1/17
17
posId 17
-1.434397741645885 4.263587769281281 1.982366947160503
-1.586891196919959 4.263671404728896 1.908835778569752
-1.6972179872110449 4.315965387904746 1.7914950109127992
-1.7410316868158564 4.406575370574073 1.6591299882061445
-1.7275784175098292 4.512382857468581 1.5356777462498605
-1.6584621521439749 4.622297698159086 1.4339845052043043
-1.53123937316371 4.715968687157623 1.3802178854065397
-1.374879 4.771894037670586 1.386832727449849
-1.221414411867079 4.784808336153572 1.444870217727288
-1.0969860757158416 4.751395571156579 1.545815249761628
-1.0262499371735287 4.676928083284414 1.6713211552454332
-1.0106768107953787 4.578945210617845 1.7991416259234807
-1.0557633408524543 4.468537602204355 1.9130107487148864
-1.1644396244527722 4.364845220304988 1.9880139973104958

/group/superior_mesenteric_branch1/18
18
posId 18
-1.4173702273365951 4.2447499727866855 1.9439953925643014
-1.557176579105508 4.243714557273114 1.8663144277932084
-1.6590886532520808 4.2879744606122285 1.7531430443501943
-1.7059997815827024 4.367735821619914 1.6264480867547824
-1.7051955275302038 4.466935013355187 1.502292195206364
-1.6432626038187925 4.578406241964251 1.3972544130863922
-1.5135275744724748 4.6726462390108905 1.3521656845660064
-1.361415 4.728442528172383 1.3680103530564027
-1.217051334336833 4.74299592301032 1.4312851372741573
-1.1034559808750057 4.713223162536805 1.532858626896611
-1.0391352251761095 4.646023921621416 1.6536088499658592
-1.0179972131621895 4.557232144727235 1.7770873154977218
-1.048464344345395 4.449728030640704 1.8949179124898097
-1.15175673463585 4.341417756629182 1.9726195802691295

/group/superior_mesenteric_branch1/19
19
posId 19
-1.3851995305447435 4.290072051289143 1.83601896098824
-1.4842170210700367 4.281459655771017 1.7823656128453262
-1.5626900320567312 4.304553950612765 1.7013216844919727
-1.593817230181321 4.362243169224989 1.6066923966161202
-1.5837643694664065 4.434578330152233 1.5201313225950006
-1.537644067170164 4.51236675627794 1.4501315003568653
-1.4507922536246647 4.581020962936806 1.4185244142225397
-1.346767 4.624948834274025 1.4299821348533348
-1.2443481077613214 4.644075454349636 1.4723220356860616
-1.1599153009936725 4.629689116851283 1.5460509436670609
-1.1149754003537495 4.58203541062872 1.6367905224579595
-1.1041126591391155 4.517751987252459 1.726660264820196
-1.1348610739988132 4.4417381319829286 1.8044260992347263
-1.2089385961480426 4.36827601783296 1.8505759464575764

/group/superior_mesenteric_branch1/20
20
posId 20
-1.369121220284844 4.260394833644701 1.8163926001161865
-1.465722319679285 4.249663395401921 1.758274143468449
-1.5414981021198941 4.2698798379195955 1.6748154591096527
-1.5763563655812287 4.322842496239311 1.578678280035849
-1.57022428970762 4.394566906287766 1.4884117910705261
-1.519823612895571 4.474329240709296 1.4206523730904053
-1.4310696217514443 4.54286784378535 1.3964459704651606
-1.33105 4.591772790145765 1.4066383006650025
-1.2285193505022072 4.6194673850961765 1.4467612912214745
-1.1404346627422963 4.612017478401228 1.522549886598632
-1.096288131168224 4.5643613636959195 1.6186218301637494
-1.0920371091819925 4.49781700621974 1.7098099071051733
-1.1214441239129898 4.421497547649753 1.7887309166369558
-1.1934313085934232 4.344765584041727 1.8363239959880975

/group/superior_mesenteric_branch1/21
21
posId 21
-1.3368631021034518 4.301835975871075 1.7167348125913897
-1.3933742864322347 4.2937029440150845 1.6798118817995775
-1.4367093203843757 4.304505558531611 1.6282981320479328
-1.4555273726532074 4.335139969940012 1.5706054743234206
-1.452556738825928 4.376503186802993 1.5168107937713686
-1.423797907878805 4.424003392792405 1.4765629230679624
-1.3738102120251054 4.467611210676506 1.459644913588232
-1.314379 4.500269258126897 1.465656084070928
-1.2545234566727315 4.516566589682423 1.4943034353347753
-1.203712916109264 4.513906404656423 1.541080071551467
-1.1756668949105933 4.488808579836822 1.599071988527542
-1.1722186094218099 4.449849241554066 1.6550454413834454
-1.188907500556202 4.4036101057770844 1.703827620361918
-1.2312830108114603 4.355268254865697 1.7336564328441941

/group/superior_mesenteric_branch1/22
22
posId 22
-1.318041507844271 4.279838051321502 1.6935592545994718
-1.37115250112179 4.269860818471931 1.6567844306406208
-1.4103885439363097 4.279454072346887 1.6057804507568294
-1.4314339979580424 4.305152724002978 1.5495435325857467
-1.4308422869512383 4.344179150885491 1.495272775063216
-1.4041583769594705 4.391710264081451 1.454005857645291
-1.3540314891007612 4.435648086154209 1.440208194166338
-1.296869 4.468129097935555 1.4492373462621602
-1.2391923363245836 4.4882831480849354 1.4760790521117488
-1.1897511629668682 4.4884804501046 1.5230860911119484
-1.1666119301379072 4.462819003283914 1.5812731685713275
-1.1625817673480414 4.426645576860806 1.635955371310105
-1.176036523724406 4.382288132666844 1.6854149393089277
-1.2190459762067125 4.3350275996338095 1.7106883297471787

/group/superior_mesenteric_branch1/23
23
posId 23
-1.3000900018881087 4.251698013073387 1.6808489400754356
-1.3546638250575365 4.237876453860993 1.642559168335367
-1.3958880956767197 4.244790291518601 1.5884061425131084
-1.4150544376562415 4.271797367247411 1.5286396649357779
-1.4097737051485821 4.312781116855365 1.4747077718346961
-1.3817278835611775 4.360385844578249 1.4355046122431718
-1.3334807626045588 4.404817188800916 1.4225262548889526
-1.278636 4.438913724038887 1.4316305827144273
-1.2228535459287078 4.4614464447382565 1.4585492643475046
-1.1724659822270018 4.466699745302431 1.5048169014477277
-1.1454732720853271 4.445208807548675 1.5649368158675359
-1.1442242923225368 4.407263955635314 1.6214363346673961
-1.1628847488874063 4.36180630056856 1.6675586205561836
-1.2038270000005942 4.314446965544952 1.6926083952972146

/group/superior_mesenteric_branch1/24
24
posId 24
-1.2818349497589865 4.223284915408864 1.6717070446650708
-1.3386896436178242 4.205120326084354 1.6314690144137474
-1.383504130210178 4.208204011702872 1.573508825581821
-1.402472501183383 4.236437309614426 1.5083658275100031
-1.3953406088067601 4.280045125790541 1.451084264985241
-1.3677296663029634 4.330619147711486 1.4076580140801036
-1.318706282240683 4.380888426149205 1.3901627961013576
-1.259795 4.4187351163912005 1.403164488303985
-1.2021609786796215 4.442882126606043 1.4353074269759338
-1.1496900962863443 4.451333675189753 1.4849789746065019
-1.1203982305113773 4.43144668295097 1.5498152694962064
-1.1218147138346959 4.390626239391173 1.6096920052281098
-1.1415947430416171 4.343031706195066 1.657940222425633
-1.1824775806310353 4.2922867560161935 1.6858364979540363

/group/superior_mesenteric_branch1/25
25
posId 25
-1.2598675455044754 4.211324098326165 1.644555364345337
-1.3080483782006571 4.195854452457946 1.6054461978338328
-1.3462362270575932 4.196737927676831 1.5538282820470015
-1.3631787392623291 4.219447364391881 1.4959175272034106
-1.3564560587091647 4.257330059160447 1.4453332104797565
-1.3324443943950344 4.301621538310322 1.4074371077596977
-1.2891993689801786 4.34513927727885 1.3960541953359409
-1.240461 4.378650912816954 1.40759394097932
-1.1923543462309854 4.401965622772762 1.434298837396712
-1.1485681573914925 4.411202026351972 1.4774055257513832
-1.1222934602761505 4.397374351478897 1.5336587797688574
-1.120573898094075 4.364348131789426 1.587729513893909
-1.1371416760599173 4.322422321207327 1.6317061777768291
-1.1740794377645556 4.276933380420288 1.6544778750133717

/group/superior_mesenteric_branch1/26
26
posId 26
-1.2389181212893075 4.1939866009645215 1.6265035318830576
-1.2843194061239593 4.176786757024917 1.5889635635664419
-1.3196765357196714 4.176331157923365 1.538557390429126
-1.3357096733644425 4.19644341600802 1.4824540166947289
-1.3304363139231625 4.23152706463013 1.4326785930707642
-1.308267631728374 4.274230399361638 1.394878398629868
-1.2667656607983215 4.317177202261417 1.3846495647443817
-1.220749 4.3502749477268905 1.397067388528901
-1.176229306075388 4.373305507012832 1.4237916317601942
-1.1355557141860446 4.384083540082996 1.4649994597664897
-1.1102840877453006 4.373398738100105 1.5190429145763793
-1.1077610150311514 4.343355931460234 1.5718496293646271
-1.1220560614430883 4.303642169659087 1.6161491278391036
-1.1570455972624711 4.258585425135271 1.6392519110874508

/group/superior_mesenteric_branch1/27
27
posId 27
-1.2228366914506783 4.153350372137832 1.6427879581481692
-1.2779026297283438 4.129882920460296 1.595801150596895
-1.319710693555529 4.128250562207393 1.532431634406638
-1.3407043079618097 4.149791293955083 1.462348410135767
-1.3376022209922898 4.190696700423477 1.3972610618644128
-1.3079915186111017 4.245062015124752 1.3510922317206764
-1.2584091003720386 4.3006879623906 1.334372195920473
-1.200775 4.346503473510773 1.3471816607408835
-1.1444143627402479 4.377464197825935 1.38339503808115
-1.0948957895328055 4.391212945173995 1.4382333919509305
-1.0671252274694103 4.376543813587612 1.5072828365693542
-1.0644212785542888 4.340569787958672 1.5731199666386697
-1.0802845935759562 4.292676923985511 1.629969006900517
-1.1223420863622655 4.235847501747409 1.6606568720223451

/group/superior_mesenteric_branch1/28
28
posId 28
-1.2175520917874756 4.062114843504531 1.7359861420036518
-1.3111342546013813 4.016032316211348 1.6575782297709614
-1.3760746877493824 4.016059154982829 1.5457467080026355
-1.4019408431737657 4.056083110025403 1.4294153905030058
-1.3942560499481245 4.121493528861668 1.3252899575258854
-1.3530825741894155 4.206582493954493 1.2435038563656815
-1.2776131174302259 4.301729047897677 1.202707755403654
-1.180654 4.3878576349422715 1.2150814887454813
-1.0842433083843181 4.442511395961333 1.2829804794988267
-1.0119411816796533 4.454240447513565 1.3863924925145732
-0.9717839428078978 4.429846197920669 1.499281962417074
-0.9601280873354523 4.379561487396968 1.6095616994126418
-0.989345424434001 4.300791485307538 1.7005912506701488
-1.0549918999583499 4.208168570270614 1.7537681776237528

/group/superior_mesenteric_branch1/29
29
posId 29
-1.1927528784993824 4.064951051048943 1.6997264845618614
-1.2744719834139717 4.021255508095071 1.630042714744854
-1.3295998390885304 4.020074894054471 1.529685849268308
-1.3511855196344813 4.053444647688411 1.4266060605595088
-1.345113587861486 4.108643916169358 1.333836216268355
-1.3084330370548587 4.1827834795447405 1.2623147118832554
-1.2428831917881114 4.2656808412106635 1.228002306577776
-1.160502 4.339502955752588 1.242119706885806
-1.082317236070674 4.383619308195541 1.3044333613264443
-1.0229739386082364 4.397018866561957 1.3895976955790525
-0.9841523099018353 4.3851457735221535 1.484222184650497
-0.9683981784640567 4.3481816212499504 1.5832271538756535
-0.9925408466411757 4.280151493131112 1.6665610572716638
-1.0505207008168453 4.197519150882912 1.714460163091078

/group/superior_mesenteric_branch1/30
30
posId 30
-1.1790796342458982 4.0175919341229935 1.74118580934459
-1.2783215406182382 3.9591679918016074 1.6588765092099156
-1.3416286543912286 3.958241829970863 1.534234241350202
-1.3609493498169418 4.001143004499082 1.410479572901468
-1.3524065719666691 4.064582477504373 1.3016267970606348
-1.3132795807235518 4.1488448677272896 1.2125467144545217
-1.2400393223885668 4.248950028479927 1.160175020552628
-1.140432 4.342519660306691 1.1734540961247961
-1.043271029503959 4.403654430127446 1.2462252259119408
-0.9681587300303351 4.425599405556268 1.3527329386912093
-0.9245177209348351 4.408801278288608 1.4732652520908593
-0.9126900373594398 4.36040712005184 1.5929526752277858
-0.9470151145118875 4.277989374027416 1.687965036324647
-1.0148582042824494 4.181960294168522 1.7430291074843514

/group/superior_mesenteric_branch1/31
31
posId 31
-1.158784867156855 4.003717260059549 1.7345501843684012
-1.2596005447725156 3.938201658885948 1.6570633731408677
-1.327257021837643 3.9294443732669633 1.5313885521214936
-1.3462437114991062 3.971842005627153 1.4022629871775802
-1.3389283907906164 4.034168813194372 1.287417537917852
-1.2993344590163352 4.11998937532383 1.192114026171194
-1.2193402897697245 4.222092861770515 1.148726635816714
-1.120562 4.313402866713313 1.1679037986907335
-1.0241999450216237 4.380565716388584 1.2324648197793433
-0.94536358385109 4.411267840146414 1.3360164120386093
-0.8997065106453831 4.398304446302487 1.4603173341269315
-0.8926458238009777 4.347267107461882 1.5821378786918856
-0.9222632402005058 4.267887641717422 1.6851976187854267
-0.990913875604694 4.169013897052641 1.7459703518910115

/group/superior_mesenteric_branch1/32
32
posId 32
-1.1727300496459458 3.8419329360759633 1.9802785310619782
-1.3572558276763191 3.7224546199982522 1.8293446474915571
-1.4893499697412296 3.692033426640004 1.599669979001379
-1.52614087717965 3.765885602733707 1.3540039778828523
-1.5016321662707273 3.8867138975942237 1.1423991527655322
-1.4265421424366505 4.042511096449278 0.9672721297809955
-1.2857198768091391 4.23027009331088 0.8693040097665828
-1.101005 4.414952426476411 0.8767532248404765
-0.9075573317990213 4.560521184427387 0.9901513146322601
-0.7560460360014403 4.6184225681461175 1.202805836651434
-0.6872466433345514 4.57683597575512 1.4491828020203008
-0.6780449151987478 4.4824290357697665 1.678221490045467
-0.73270171993178 4.338254049363518 1.873611076109896
-0.8586375200114648 4.155470203924368 1.9940486768660721

/group/superior_mesenteric_branch1/33
33
posId 33
-1.1381681047113865 3.8993168526637607 1.8614356396839231
-1.2827678338578696 3.8036867989048675 1.7445539792168712
-1.3859967313699013 3.776749694496254 1.5649276183323886
-1.413189418898801 3.8322996534521057 1.3718271504488166
-1.3924696808592838 3.924303486797098 1.206360831500796
-1.3314944896026573 4.043408762779776 1.0723193204672037
-1.2227448979435782 4.185551747956007 0.9968087485684668
-1.081877 4.327191474843329 0.997861403509329
-0.932359365539769 4.443054174588129 1.0792035608564126
-0.8132711940859761 4.493585480888573 1.241150681173469
-0.761749287732854 4.462878392609752 1.4335478401331168
-0.7573123378281752 4.391245272979137 1.6106603526798626
-0.8017311169639978 4.282337528902546 1.7598344455583297
-0.897353805647665 4.145198968205841 1.8545123166066708

/group/superior_mesenteric_branch1/34
34
posId 34
-1.1224285080956597 3.8785519346272386 1.878336654492402
-1.2753652828660997 3.7750464574670755 1.759795576295214
-1.3855764131877768 3.742014376603606 1.5722072289346285
-1.4147155341118063 3.7964793372511823 1.3672438760131385
-1.3937688675759459 3.8894539540541824 1.1897631452296522
-1.3296191126628847 4.012349790183879 1.0440925178425124
-1.2131147463261955 4.161247309321619 0.9621873838072212
-1.063284 4.309244720410793 0.9637747871576654
-0.9070149844905102 4.429061151374976 1.0503442362179292
-0.7819238399694954 4.48528040412534 1.2172204211263928
-0.7232172461632429 4.461718222977256 1.418324913939707
-0.7168985898519434 4.3908299883574555 1.6080061841216486
-0.7652397232721235 4.277858645545453 1.7678342230141968
-0.8686169780989318 4.134781825444463 1.867445546071574

/group/superior_mesenteric_branch1/35
35
posId 35
-1.1147345993846198 3.830824109613155 1.9544359625052665
-1.303130726424997 3.693339907295941 1.8323022828847764
-1.447100478151896 3.6371585383729297 1.6106729123110073
-1.4781794759281248 3.7041040716177736 1.3552926047468623
-1.4324950383486956 3.8274001729890665 1.1488063171755454
-1.344964798542897 3.9722366444041994 0.9930616620828778
-1.212561864384851 4.136519622940721 0.9013139975870051
-1.045228 4.309008488565148 0.8775786458185428
-0.8496767542409033 4.4759862344055135 0.9406463771088232
-0.6898670730349152 4.55442392165196 1.144469194993429
-0.629050109188299 4.516877448455906 1.398925312268145
-0.6342021117788132 4.4253999194172815 1.625810029185779
-0.6967484840828665 4.293338104170811 1.8120753166733017
-0.8177880384641345 4.129555726277815 1.9316404576419073

/group/superior_mesenteric_branch1/36
36
posId 36
-1.0962118715828082 3.8304844716116433 1.9460502020240018
-1.2676097041917407 3.7147390336068997 1.8059373162561374
-1.381544207458954 3.680468715456249 1.5916655207784203
-1.4219549359300743 3.7216815325425974 1.364163298230162
-1.410154704429603 3.8073298075453477 1.1532892442527927
-1.3404177691589576 3.938191959692004 0.9724908988242518
-1.2008477502601738 4.106295413995568 0.8769324784140966
-1.027652 4.274543385008428 0.8729151641642353
-0.8446277481007844 4.421264389567265 0.9568861973249856
-0.7038718848985587 4.487987182924359 1.152374801969451
-0.647893188249285 4.46016503966149 1.3844343836014021
-0.6471840617570881 4.386447542600228 1.5956462852225535
-0.6930154407058182 4.275921194753549 1.7840854033549172
-0.7981963853500906 4.1241354848406475 1.9273589995955471

/group/superior_mesenteric_branch1/37
37
posId 37
-1.0687599620079826 3.8638281648842576 1.86572535897104
-1.2093810418731747 3.7698880952150158 1.7412742479993581
-1.3034596448530493 3.7369767561892293 1.564607152291429
-1.3437796376777524 3.759406266570154 1.3748985110988894
-1.3363025140355267 3.8247529428347002 1.193210037472708
-1.2756199222125835 3.9322344298887044 1.0380422427173086
-1.1598383306134057 4.072176127085394 0.9452038679846021
-1.010495 4.217526179737321 0.9351482204434556
-0.8538418119894757 4.342889416527502 1.00916001842403
-0.734195773588274 4.403521651747249 1.1752534234057141
-0.6881318978839437 4.383718469409837 1.3738233207406239
-0.6863951175325704 4.327262173036346 1.555132132438642
-0.7206460468455997 4.240769532038571 1.7232974063427786
-0.8104442210737497 4.113456282765289 1.8538878777140486

/group/superior_mesenteric_branch1/38
38
posId 38
-1.0526773064596442 3.8584968110875315 1.8720645130030693
-1.194665477279857 3.7600017082757913 1.7486168214817879
-1.2897911137500766 3.721041159063371 1.571330167162623
-1.3297878931108174 3.7382972529966327 1.3790702152956058
-1.3210693754972482 3.799211761358045 1.1946398511133274
-1.259995304751728 3.902213593646555 1.0355392915962447
-1.1436910342732824 4.039681880780003 0.9379162386534028
-0.993701 4.185606515730427 0.9217625787948321
-0.8352068042370424 4.315313052522718 0.9904040745079319
-0.7138089287359359 4.382347166143515 1.1560653226473216
-0.666480862111414 4.369343159494859 1.3576162307981878
-0.6655075223043565 4.317283166763937 1.543013833989831
-0.7017346774929303 4.2342000768588095 1.7143281553297933
-0.7913233682751393 4.1105198394683375 1.8517809114168358

/group/superior_mesenteric_branch1/39
39
posId 39
-1.0202879083648708 3.9039997820812022 1.7459441931897561
-1.1244795649973476 3.8281468729673396 1.659134113133054
-1.1956050890139638 3.7934347298349964 1.531061210880601
-1.225435979728253 3.800844062805347 1.3887787795988247
-1.2193572915592519 3.840761087602941 1.2507538255070145
-1.1757735087411523 3.911890343326164 1.1282215046258275
-1.0874469874034065 4.012159936724895 1.0568082965369698
-0.97721 4.1158662197512275 1.0541040150362682
-0.8675167756240023 4.205419769923301 1.1064094084019687
-0.7806477276984786 4.259231001050186 1.2168074264563833
-0.7392849598499216 4.263053538297775 1.3572621629662356
-0.7257062225382144 4.240712710301853 1.4985005955989765
-0.7504447864690559 4.183689681647774 1.6351754533660279
-0.8239781744735504 4.089802942511787 1.736599725498892

/group/superior_mesenteric_branch1/40
40
posId 40
-0.9908295683232969 3.934513955793669 1.6390410049432134
-1.0627882081482305 3.8798139917921026 1.580321535092687
-1.1128158839638804 3.8513939649484894 1.4931723817172533
-1.1341680109779317 3.8521264372304516 1.3939659084451983
-1.1303606864738978 3.875930681799088 1.2962629578955205
-1.0994554856822105 3.9227277591208844 1.2091298483596118
-1.0373098108259795 3.9910343082586492 1.1582802829622538
-0.960964 4.062973880214583 1.1535438346357396
-0.8849575755961558 4.126587172200236 1.1874285750437181
-0.824429087254467 4.167328894767831 1.26222576832589
-0.796535648203769 4.172985839499372 1.3599386270797897
-0.7879109201902788 4.160674860344956 1.457937120313666
-0.8047824877284593 4.125129327872382 1.5537075371008158
-0.8538000679172214 4.063817758480609 1.6296582226770964

/group/superior_mesenteric_branch1/41
41
posId 41
-0.967973338381825 3.942851198870601 1.5830044286153113
-1.0270315225142184 3.8942277944540216 1.5458675529818144
-1.0718854502553947 3.863547008301991 1.4795580941775204
-1.0897377909002604 3.860632702585327 1.396467617384673
-1.0830341419280731 3.880075626339279 1.3157676818341393
-1.0560403860938454 3.916622345243952 1.2453951778914185
-1.0054401701174467 3.970203986195865 1.2045071532755702
-0.944903 4.027257836214187 1.198586140623589
-0.8839822143244264 4.079964355752354 1.2213451803308988
-0.833934752997346 4.116966045656389 1.2784487915607141
-0.8080037678807116 4.128117511289797 1.3569474712152336
-0.7996572650110769 4.122321217361513 1.4394535895670244
-0.8180181891198859 4.0925908102226 1.517030588253205
-0.8619890757701991 4.042862580853726 1.5718731170164006

/group/superior_mesenteric_branch1/42
42
posId 42
-0.9614793385711743 3.916089156924994 1.6626116778689657
-1.0457434733949236 3.8436559420509404 1.6152942708239773
-1.1115661127050047 3.7934345455759226 1.524339758647519
-1.138025617057099 3.7830066333429673 1.4049137804368432
-1.131936410540965 3.802751219888579 1.2851404293885804
-1.0886780687985673 3.8547365185969027 1.1837748821192278
-1.0136968414348082 3.930668172692422 1.1284313445589471
-0.928969 4.010533188788 1.1162972529987092
-0.8427132136851275 4.087322841870284 1.1422819123327423
-0.7660771863854197 4.149735790814247 1.214718144247102
-0.7248405972806878 4.174513880380193 1.3284518621293935
-0.7202470256363639 4.1644752307155555 1.449783284560886
-0.7456613027125614 4.127460561304433 1.564293919791286
-0.810352465692882 4.058141143295698 1.6443745142268504

/group/superior_mesenteric_branch1/43
43
posId 43
-0.9429507253338141 3.916045441746212 1.641767709438799
-1.0204150106301046 3.8469706420984635 1.6016673307372626
-1.0766151757980928 3.8007061874437924 1.5167747885440015
-1.0984810569805812 3.7878017887351128 1.4098738774421706
-1.0907844715664752 3.802262405661375 1.3037187874237541
-1.054707090902886 3.842158957759148 1.2103879527733843
-0.9903115611226325 3.905934399544424 1.1516110512717312
-0.913104 3.9786100615149036 1.136059592010057
-0.835124093917856 4.049334288751841 1.1591809852253756
-0.7677006599006215 4.10738168698692 1.2241494192703504
-0.733725809761623 4.131880959485407 1.3257602068781156
-0.730432499924718 4.127550752770697 1.4328098098524622
-0.7511034453920391 4.1012476220152045 1.536210402549218
-0.8050019183096172 4.045687955000299 1.6170117153731132

/group/superior_mesenteric_branch1/44
44
posId 44
-0.9211812768217633 3.9182564229758516 1.5928248191873002
-0.9825288199946873 3.8616618890580736 1.5618732034469391
-1.0264906630437012 3.8218866755907013 1.495585486851289
-1.0461691756641853 3.805038682184464 1.4118686535729892
-1.0432066926627337 3.809344818831894 1.3244720853236525
-1.015754070166334 3.8363513339568143 1.243348491486948
-0.9613108124859756 3.8879535863490515 1.193005671804405
-0.897248 3.947830015340438 1.1814236278592969
-0.8359992965439986 4.004488928229403 1.203535521140119
-0.7861863702440055 4.04995846845245 1.2560180056482149
-0.7564437596997768 4.076329744684775 1.3313125444810798
-0.7494036541508446 4.081378578248278 1.4165598976422609
-0.7675759704855648 4.062971319384556 1.500220874435201
-0.8125328865962151 4.019976131636727 1.5635037254146964

/group/superior_mesenteric_branch1/45
45
posId 45
-0.8614050457539791 3.9396545805345173 1.2137660185899617
-0.8104129372387616 3.9883240114616783 1.2372994033987414
-0.7708492399145346 4.027252475110624 1.2880547998721172
-0.7534079995142589 4.046151533703138 1.3588270274715475
-0.7562923886205868 4.0461490519535515 1.4340947883779922
-0.7818951249377426 4.024594155099223 1.5025292596262678
-0.8302473572852674 3.9805634726033055 1.5392292039722966
-0.881344 3.933025453432184 1.5499346472111988
-0.9331160368523415 3.88428254205816 1.5447257337109122
-0.9810398604548731 3.838071759788136 1.509522869303782
-1.006877794314557 3.8114402043854954 1.4427213207514553
-1.0114456649014372 3.8044408242645007 1.3671040751205936
-0.9939879700087522 3.8181785799713923 1.2937101781762688
-0.9518398525278498 3.8558860126249432 1.242959228861181

/group/superior_mesenteric_branch1/46
46
posId 46
-0.8457119350619965 3.913044564445631 1.2166876187034406
-0.7959140864431808 3.9621410208290713 1.2380055391130997
-0.757721132719214 4.002706092977987 1.2861040704675175
-0.7393644688480215 4.026280583930861 1.353709266828662
-0.7450790936019724 4.0275859720384375 1.4269726384690828
-0.7736135237169811 4.006320293416099 1.4896742348280458
-0.8170581339618456 3.968814642237499 1.5291938376670444
-0.865331 3.924566792697424 1.5450236005971392
-0.9145982017160931 3.8775196567434853 1.5405830129613918
-0.9597981838520525 3.831833444932981 1.5089830405183087
-0.984613580912812 3.8026769945180727 1.447185997834196
-0.9891407837810331 3.791829847706061 1.3756021144547157
-0.974452389118723 3.799121923046288 1.3034537846637686
-0.9344738791632814 3.8321146177214245 1.2504966348449182

/group/superior_mesenteric_branch1/47
47
posId 47
-0.829423160217075 3.886298505690003 1.2174312025179566
-0.7799347049900363 3.9366755209246898 1.2373547661609874
-0.7442944455933295 3.9779984095108407 1.2854635375709562
-0.7269692066513912 4.00427017498048 1.35025183817941
-0.7325406459481579 4.0095438167875095 1.4212850733428462
-0.7598241007662815 3.992737122208717 1.4837213129989781
-0.8014535667137835 3.9592217505817384 1.5262886990178515
-0.849153 3.9165936678400235 1.5467712158850522
-0.8985992302258817 3.868986839783456 1.5451229566752525
-0.9424998406591131 3.8222993484324888 1.5140682807980368
-0.964305299268305 3.792310233803779 1.4531221635766682
-0.9675402899002069 3.77897956042791 1.3846192637135053
-0.9539177383032263 3.781610668236467 1.3148796552207138
-0.9175252800204265 3.808025305576896 1.2583559936911453

/group/superior_mesenteric_branch1/48
48
posId 48
-0.8050415800699352 3.852584835890666 1.151221174771225
-0.7455778550822372 3.9200211176718196 1.1975810915966547
-0.6856983750033467 3.986936520198012 1.2395129661866933
-0.6577398289353836 4.032332130662677 1.3268605151837962
-0.6519355477790878 4.059735422252095 1.4310900239225313
-0.6954667704011798 4.037737288530779 1.5282155896587661
-0.7622002890717484 3.985608343395728 1.5889701772014246
-0.832749 3.9220368940751897 1.6126750170236095
-0.9032268265602177 3.8543135221875655 1.6161679144252483
-0.9793117594114327 3.7758549657877185 1.5943325526298047
-0.9589948618470167 3.769339162622302 1.468634660842743
-0.9656712564810184 3.747354057509588 1.3944074247668756
-0.9963324869877349 3.6949049471414828 1.285853314507092
-0.9316748503447919 3.7418012509816223 1.2096963698816674

/group/superior_mesenteric_branch1/49
49
posId 49
-0.7963437732231724 3.832424094310977 1.2259996767278944
-0.7453449912308483 3.8855902529760558 1.2364975726627827
-0.7110429753691165 3.9319522724407245 1.282852650413705
-0.6972472751289301 3.962597143659379 1.345966224744038
-0.6994362575450512 3.97897623452381 1.4146777795917498
-0.7225334561643226 3.9745284984759532 1.4826803434044353
-0.7657059918158926 3.945299127691862 1.532269953955313
-0.816062 3.902715284202492 1.5586412540800865
-0.8665257248930909 3.852632096168267 1.5576123490590907
-0.9076421072975169 3.8036192906505146 1.5263590312078255
-0.9301985400747315 3.766410070825174 1.4709622724352418
-0.9314357305096046 3.747315646313768 1.4047196335595638
-0.917908598229851 3.742356846408835 1.3368605623111287
-0.8844164566943106 3.758934845577727 1.2757919358038319

/group/superior_mesenteric_branch1/50
50
posId 50
-0.7771363810056443 3.8015723040479608 1.2141434608794461
-0.718376929787265 3.86174387324557 1.2175461277359425
-0.6753616185907656 3.920043485745113 1.2629493338730375
-0.663465490780477 3.956653037154235 1.337196128726563
-0.6675989830654223 3.978097220432703 1.4142771920208757
-0.6917898063018715 3.979820092806408 1.4926601112439306
-0.7426995990007964 3.9469535833081393 1.5477294198497935
-0.799033 3.9007579112933177 1.5790713869818942
-0.8570076186398107 3.8450786240689108 1.5868215048407883
-0.9066797059497486 3.785498769400629 1.5577047464419698
-0.9313383291482424 3.739527680235521 1.4938836873878272
-0.9326976234196896 3.7131108486307123 1.4184483210822068
-0.9161328074938073 3.7039443437724864 1.3407248461226529
-0.8769553012642971 3.7200343879113786 1.2706357879528056

/group/superior_mesenteric_branch1/51
51
posId 51
-0.7604888852257695 3.776229264220236 1.229294428653192
-0.7049071774562105 3.8341905001020975 1.2321116584739047
-0.6667552908867624 3.890222460018191 1.275467384204985
-0.6548673939657725 3.9284974514381394 1.3420477119673557
-0.6597763762612404 3.95125249967556 1.4128656639017072
-0.6837367046982785 3.9546838095556014 1.4841029473673442
-0.7287271796267122 3.930396333368355 1.5395166774606421
-0.781625 3.88930936287473 1.572721680801647
-0.835001840148023 3.8367108941047516 1.5778267835141342
-0.878934026924069 3.7813775572301256 1.5513273632608966
-0.903852784769323 3.734925366358764 1.4978835413161469
-0.9074869212998901 3.7046002325606264 1.4300458522901205
-0.8910101897298676 3.693148197393163 1.3578766486518419
-0.854638645653578 3.7042764242307946 1.291391022594004

/group/superior_mesenteric_branch1/52
52
posId 52
-0.7408477470460453 3.7454787823772833 1.2234622654106224
-0.681236384717169 3.80852472132101 1.2257764911996754
-0.6384060994956438 3.871771904866329 1.2674724519665543
-0.622837200390123 3.918951842552597 1.336580303255772
-0.6279007432677891 3.9483765206872214 1.413955698907059
-0.6550457950070118 3.9554697396333824 1.4927539518041082
-0.7057420886302673 3.9301274878698016 1.5538492894253055
-0.763884 3.8852068872908716 1.5885519680262155
-0.8218765350448487 3.829357661488256 1.5985332758507096
-0.8732718236644663 3.7667345053024546 1.5781003329230145
-0.9016314320413865 3.7115965265145703 1.5209182000733859
-0.9058399506087844 3.6737730076462722 1.4463219512352496
-0.8879585678320279 3.6561312864024007 1.3654888467430748
-0.8448219327276646 3.668303850533259 1.2925590763110937

/group/superior_mesenteric_branch1/53
53
posId 53
-0.7261455390663827 3.7302951013808285 1.2619587553419447
-0.6751771690761014 3.78410499339185 1.2618539602692453
-0.6371107487437111 3.8401459310402632 1.293420595234686
-0.6232205152303484 3.8837527529854228 1.3511674842322416
-0.629532879362031 3.9101844547838707 1.4172478478508788
-0.6540014354892819 3.917445675500854 1.4833614123017518
-0.6965137163140278 3.8990322105801685 1.5362869933398484
-0.745872 3.8634605061939657 1.5694028979007313
-0.7961916528797452 3.8161297973221675 1.581073146678748
-0.8401669534066276 3.7614806900353415 1.5647502079320483
-0.8652264765093955 3.711631576165249 1.5181047796249985
-0.8679863619592032 3.677022647628807 1.4548394102918005
-0.8502885162503381 3.6617383751085213 1.386993321113309
-0.8144482326365992 3.6684283421157216 1.3247400091111834

/group/superior_mesenteric_branch1/54
54
posId 54
-0.7024812363631615 3.6888235804282425 1.2300261344730312
-0.6344772131704043 3.756562754009866 1.2205536181998955
-0.5823258160306888 3.8324790783432343 1.256836663275118
-0.5627997212002268 3.8942020676468045 1.3309222794295654
-0.5708028551774317 3.9335544356589045 1.418020383113734
-0.6032158093614612 3.9476384346058024 1.5067859961185022
-0.66166610101968 3.9236998592855636 1.577218286529522
-0.727649 3.8759798168769515 1.6191240546932064
-0.7939238377250981 3.8152302766218713 1.6379256213343687
-0.8560066945127127 3.7417709823144722 1.6254642662177485
-0.8899936108032284 3.6718401469404327 1.5646516182172034
-0.8889343991076083 3.62599736732152 1.4792956026553863
-0.8621275829317765 3.606612252616761 1.391825411667386
-0.8147548090399622 3.614211361998405 1.3132973568024475

/group/superior_mesenteric_branch1/55
55
posId 55
-0.6899681069087225 3.686185938447295 1.2896715105138228
-0.6376607932035099 3.737573111501735 1.2803937332682758
-0.5966109859477431 3.7969604124236778 1.3050353363614953
-0.580493643496687 3.8473215757660153 1.3600058980553544
-0.586879992360177 3.8802249927467467 1.426756300331275
-0.6125010800393523 3.893204338504759 1.4951971142013227
-0.6569285281642725 3.8790999663179453 1.5525559149861476
-0.709279 3.8433510187351816 1.5881045792104715
-0.760715688642767 3.794419415474874 1.5999081834960045
-0.8071301684473364 3.7377100955875173 1.5895305705327074
-0.8368418272218273 3.6807670006399182 1.5483156444780204
-0.8396048072313278 3.6392886825124253 1.4838805972717808
-0.8186946292688415 3.6202151495146024 1.4138197328108664
-0.7789950706935161 3.626201517003879 1.3514821720037573

/group/superior_mesenteric_branch1/56
56
posId 56
-0.6720357124001621 3.666682863922948 1.3068990532184044
-0.623804729501396 3.716985102699496 1.3023439047273553
-0.5899472642314528 3.771562825164257 1.329190420146359
-0.5752496005997929 3.818220765464353 1.376657466027511
-0.5794493824667173 3.851111572620951 1.4351751059926177
-0.6011025796886937 3.867291738931655 1.4976682484127766
-0.6418550284788141 3.85710012175441 1.5519033374455586
-0.690822 3.824931759358894 1.5860032956401326
-0.7389723044798626 3.7798342759606527 1.5985360006607043
-0.7812901986611621 3.726875441631764 1.5887729784205396
-0.8051769951387321 3.675262972930525 1.5493926964994098
-0.8071531953644282 3.6368072770983924 1.4928248899169791
-0.7911387002886812 3.6144988775255116 1.430478522996005
-0.7577172515223338 3.6124079705283405 1.369705254846588

/group/superior_mesenteric_branch1/57
57
posId 57
-0.6535209223491223 3.645834935504358 1.3202397708454265
-0.6063041988928799 3.696261715677828 1.3167498830890185
-0.57092831194406 3.7511267782224933 1.3391371425292813
-0.5556556678534857 3.7995687463544634 1.3850308093763408
-0.5608652973269055 3.8334416755246026 1.4431300276087016
-0.5841892625142392 3.8490951814979795 1.5042165965892025
-0.6227193799141906 3.8444675116713616 1.5605129065358017
-0.672341 3.8161703726295375 1.600325179737061
-0.7231702496885306 3.769917621021857 1.6158368289392495
-0.766993948198626 3.7140724555706455 1.6058431813296368
-0.7889006631359562 3.660742004885326 1.563654506955659
-0.7900254849924007 3.620762868482652 1.5069877498467117
-0.7756767908815454 3.5940825056867207 1.444455133029407
-0.7417376371139729 3.589087816263351 1.3815916699725441

/group/superior_mesenteric_branch1/58
58
posId 58
-0.6353749998295203 3.627066027420819 1.336492545438444
-0.5885220851777974 3.676167899679682 1.330963429794354
-0.553087358373382 3.730936161263232 1.3511542116153372
-0.5353893902230042 3.7817354516287036 1.393645192425837
-0.5381980644856356 3.8200681996978405 1.451030023591853
-0.5626673153496383 3.837643608229344 1.5136566344611677
-0.6041425011208656 3.830526754775664 1.5687941269340784
-0.653896 3.8004538217220136 1.605169698053538
-0.7030965227772197 3.755938510309805 1.620716250451213
-0.7463512151022221 3.701839911768177 1.6137017845283146
-0.7687887453908593 3.6483218043407026 1.5748777192983667
-0.7711500189872843 3.606470175199766 1.5207281671477357
-0.7569551827969827 3.5781380154936304 1.4593290230707625
-0.7221203608830603 3.573337551020039 1.398121753410289

/group/superior_mesenteric_branch1/59
59
posId 59
-0.613711254001773 3.5929329437106436 1.3263784497358713
-0.5575136219038628 3.6499046669028137 1.3164574668719369
-0.5169939525047199 3.7152344918070543 1.341131542521179
-0.4993182471396971 3.7740757056100347 1.3917154466944466
-0.5047408951081189 3.817526992561634 1.4569108312133352
-0.5309308823556312 3.841285419721998 1.5275579392881653
-0.5783923475922028 3.8350710932509386 1.5909256011454473
-0.635551 3.801297536176645 1.6327390940873039
-0.6930517933576515 3.752391511378267 1.655208981073626
-0.7474815703439648 3.6892081830064196 1.65431401193876
-0.7755447530283088 3.623056858982617 1.609790264938522
-0.774911738494897 3.5735145452892434 1.5438191190747166
-0.7539670636068365 3.54315080989835 1.4724080238266901
-0.7131431892608294 3.537396387327931 1.4033357488864715

/group/superior_mesenteric_branch1/60
60
posId 60
-0.5967347960207076 3.5792724446708792 1.3500574897111763
-0.5447882350955361 3.6332865468068136 1.3420245200763532
-0.5076894148506869 3.694243385642838 1.364295265344321
-0.4908564280307173 3.7498728030432535 1.4094028961693725
-0.49790155266319946 3.7895891559067536 1.4693596002898788
-0.5213002506825604 3.8135157800243142 1.5333653050689904
-0.5648615022689597 3.8092973117246465 1.5915039699864735
-0.617366 3.778394956453288 1.6292707666670794
-0.6689337565107255 3.733667729028053 1.6483736688334225
-0.714571809297611 3.677135854190886 1.6440718636179776
-0.7404066801218242 3.6183197448118176 1.6080816415122272
-0.7431811381722779 3.5708050653394077 1.5526618669959342
-0.723543788050792 3.542844285624142 1.4890837674506412
-0.686559904580599 3.5369550489639505 1.4278720253390893

/group/superior_mesenteric_branch1/61
61
posId 61
-0.5800308918415944 3.5668858861047466 1.373947262605941
-0.5317914762262422 3.6175739612260585 1.3665522738714069
-0.4964085151131541 3.6747441530150957 1.3850667500500535
-0.48064565339274945 3.7277261496482406 1.4262605891640552
-0.4875458288216374 3.765874511086043 1.4816815455721322
-0.5100728552767406 3.788658635680775 1.540762388274858
-0.5510153787257691 3.7848467149447322 1.5939897766828632
-0.599403 3.7583753317886845 1.6305924496492121
-0.6481608456230135 3.7180872527601414 1.6511727877772153
-0.6916967010204725 3.6647655419358593 1.6487748438484289
-0.7161737389169199 3.6083760964172003 1.6158011331804594
-0.7183702951606925 3.5626103861462672 1.5640991166752019
-0.6993346800995154 3.5354828013713826 1.5047454267391942
-0.6637386967446411 3.530231149461514 1.4482116400279486

/group/superior_mesenteric_branch1/62
62
posId 62
-0.56176033893596 3.5464371435701714 1.384655419894011
-0.5119490504305162 3.5982775791420916 1.3758434090013272
-0.47724600316066396 3.6572690890390045 1.3959913435183475
-0.46222824277884533 3.711187914914927 1.4373357769296207
-0.4674210815996095 3.752293501859383 1.4917026382030667
-0.4914547424928669 3.775315834005663 1.5511551776204222
-0.5324466944549714 3.7736232952600797 1.6054879657107832
-0.581724 3.750873410707597 1.6469970797395708
-0.6328614130948345 3.708973557418016 1.669053219842951
-0.6754165880099892 3.652889331322743 1.663026449868707
-0.6966806186271405 3.596601038713701 1.6275345775394112
-0.6994493103571925 3.550121136142879 1.577922051898433
-0.6850337974984722 3.516649742296396 1.5196664326188665
-0.6507950071659949 3.5048232346917074 1.4590692698836076

/group/superior_mesenteric_branch1/63
63
posId 63
-0.5422199192517515 3.5183673967083697 1.3843394489259102
-0.48655694623407797 3.5753479788259357 1.3727956820847225
-0.4483080340888782 3.641383181716222 1.3945780322847159
-0.4323325932008833 3.7016687448173555 1.4398281976493692
-0.43408392951942765 3.751919346076232 1.4977211971652322
-0.45873944693517055 3.783447657034002 1.5655862912964778
-0.5072341423843251 3.7813797401806943 1.6282334715523734
-0.564391 3.753660364706959 1.67412342557919
-0.6222976673585212 3.706220153000215 1.6992175528481872
-0.6698821751087807 3.642671090334853 1.6926835432563845
-0.6930312713414529 3.5789733078847386 1.6532667753076797
-0.6960369272375575 3.5260556311937314 1.598795022904448
-0.6796793754678983 3.487708152041907 1.5345026389782188
-0.640353555971106 3.475454904897866 1.468301440128621

/group/superior_mesenteric_branch1/64
64
posId 64
-0.5259829094202196 3.5053377313902607 1.4040601702306255
-0.4731107569146196 3.561006012179342 1.3941500143878855
-0.43596749544505753 3.62440051231461 1.4130603061249343
-0.41865895733585273 3.684052548062093 1.453948467042707
-0.42069452800383744 3.73373793151249 1.5095417800009199
-0.445251061855651 3.764778246297873 1.574753993990052
-0.4921631621160996 3.7639540975572374 1.635286291246639
-0.547466 3.738560471509788 1.680629199437206
-0.6042542802264067 3.6937393178896234 1.7072209440083734
-0.6515181654946136 3.631515833960656 1.7028065014361664
-0.6727324537089571 3.5686868840779797 1.6636468685602745
-0.6756627063001035 3.516249004629584 1.611621893958654
-0.6599758527136138 3.47749023164599 1.5497982380820552
-0.6209191522498214 3.465710699701148 1.4861226452837613

/group/superior_mesenteric_branch1/65
65
posId 65
-0.5128496385896414 3.5070271164125413 1.4411162437599807
-0.46786542245288654 3.553637529361924 1.431335280917912
-0.434405066963582 3.607789610360373 1.444087107448454
-0.4158201589091714 3.661889899652978 1.4758644709710793
-0.4173018671246997 3.7074776065089563 1.5246279136711502
-0.4423124490670656 3.731994723784489 1.5819086922405796
-0.4830903377853313 3.7320525836135787 1.634268598895921
-0.53101 3.7120129519875795 1.6751285869715342
-0.5793516646452039 3.6712143113576357 1.6951900670865854
-0.6180801630026028 3.6179905274751607 1.6901492604880666
-0.6384614887382316 3.5639478929581188 1.6607351930730114
-0.6425048369224424 3.5170441395307237 1.617705148893975
-0.6297231797298735 3.4813436628964363 1.5646125811375406
-0.5945538323562086 3.4718593677632885 1.509755866357698

/group/superior_mesenteric_branch1/66
66
posId 66
-0.49682709955215343 3.491764390524996 1.4547281519241624
-0.45203504831492813 3.538766159991858 1.4449963980690004
-0.4189088225295012 3.593008668708614 1.4571419958118417
-0.4030141877372855 3.646077168100647 1.4898181914942752
-0.4054904177684843 3.690283571988502 1.5368263238072852
-0.42685278184685793 3.7188755137329057 1.5921110792952897
-0.4666879863945651 3.721836463864815 1.6452071718733892
-0.515085 3.6998593278729435 1.6843236209126053
-0.5632132025137133 3.660507623150859 1.7058512726280806
-0.6031366397057281 3.6077491564714412 1.7037374418929307
-0.6216706336877816 3.553331489657348 1.6730449298933832
-0.624210444854664 3.507206868008137 1.630447968532364
-0.6131125100706508 3.469644336086258 1.579180656943384
-0.5795173768983835 3.456519021463533 1.523849719962198

/group/superior_mesenteric_branch1/67
67
posId 67
-0.4813182525110759 3.476718398218646 1.4675951512486263
-0.39252320029033183 3.4870377562056074 1.3675759035971637
-0.3388544199208563 3.5796059483633003 1.3898958899295746
-0.32341036372511206 3.6638951557011765 1.451593874121926
-0.33110720555356293 3.731277968369451 1.5257268067039387
-0.36596638041172613 3.7738440813464167 1.609688273629672
-0.4286811815421888 3.773377061867051 1.6868708361264824
-0.499751 3.7487789019401383 1.75125895514185
-0.5777438068949167 3.6959550140200714 1.7971541969564568
-0.6450970169413814 3.6110162004322324 1.799088147458122
-0.6803985398591368 3.518776628671074 1.7543476739551491
-0.6914072284585442 3.43432954545517 1.6870080848606661
-0.764055458942855 3.25378009102313 1.603826452909166
-0.7887810638243049 2.975403709556286 1.3675298404982734

/group/superior_mesenteric_branch1/68
68
posId 68
-0.4685177988314391 3.4739921290894507 1.49403140709493
-0.3882524713334621 3.480735713105516 1.4027058826950805
-0.34163187758426844 3.56466597007854 1.423426542632902
-0.32904781372799313 3.6402815089394154 1.477844684674988
-0.3360527841811095 3.700969618216098 1.5423066312263642
-0.36476074657722324 3.74306377729654 1.6160011589191232
-0.4208936411222796 3.7446567723214645 1.6856853190179675
-0.485008 3.7247431684031036 1.7452417514337757
-0.5565031163356122 3.678549617959296 1.7895398359500536
-0.6184544525425794 3.600790937571357 1.7931395323440562
-0.6498614416864112 3.5156269386143224 1.7527931212419294
-0.6586902924642652 3.4382756376665173 1.6922112312586326
-0.7267457446637412 3.2704956311095517 1.6202371416110337
-0.7579728417335316 2.993628286227048 1.4029383344974578

/group/superior_mesenteric_branch1/69
69
posId 69
-0.4539203003094546 3.45890502236701 1.5056246958574027
-0.37101971422209257 3.462942308851992 1.4104541305439289
-0.3238577237336511 3.5499459866721264 1.4310212460896172
-0.3122241575283937 3.6280534486325364 1.4860550724100563
-0.3166010536743197 3.693620811262891 1.549096660114799
-0.34526928314681005 3.740393491810144 1.6244918075756842
-0.40455037873503497 3.7417222440982227 1.696265203340383
-0.470778 3.7203356775734076 1.756277261385986
-0.5425711489489149 3.6724988374080674 1.7995891245608395
-0.604948835490755 3.594581068193104 1.8051568664168987
-0.6389891053229707 3.5073869396989164 1.7687943214993773
-0.6485727131796304 3.4267127935555033 1.7090553196931684
-0.718468128287819 3.253132752055445 1.6392045026626358
-0.7482436981382892 2.9693539862260336 1.4243798289263527

/group/superior_mesenteric_branch1/70
70
posId 70
-0.43736827875839124 3.4300361781855107 1.5028924609906242
-0.3453302560869027 3.4363334433716948 1.4009205988334639
-0.2907611472143288 3.534063470882679 1.4193866105394213
-0.2762131944920271 3.6244854192754588 1.478356249029161
-0.2822446744276622 3.7000188079870124 1.548807473642464
-0.31586349958642457 3.753419029043084 1.6328241800334857
-0.3832939785789447 3.754685273933045 1.7124696298743864
-0.456979 3.7324574633812744 1.779677025607679
-0.5368757093846803 3.6805816613825657 1.8292292209775893
-0.6049135983269048 3.593647297058357 1.8355241471285195
-0.6437479904376789 3.4962599411743636 1.7990089138346876
-0.6554197060450926 3.4043994123199877 1.7354794453970186
-0.724972850442559 3.219223560655089 1.661050925963429
-0.7550225356640561 2.9113544168144223 1.4375653425336625

/group/superior_mesenteric_branch1/71
71
posId 71
-0.4248514835527419 3.4230941349353006 1.5233087712901359
-0.3361544806385355 3.4254072412713 1.4241231053439434
-0.28438283798228275 3.5198207444970753 1.440285609090519
-0.27114991258117027 3.6075019640486525 1.4949866171398407
-0.27619981305391295 3.68183939754421 1.5598933816987106
-0.3072148865208475 3.736788540406417 1.6389461493245794
-0.3721900357630234 3.7405177797738283 1.7159207693180725
-0.443526 3.7207080279879845 1.781408957006541
-0.5210061766517604 3.672109501491671 1.83098642288102
-0.5865004622041373 3.5878988940202032 1.8385731571207984
-0.6233028280288403 3.493130818259781 1.8050784138158853
-0.6351093603048507 3.4027928746918326 1.7466386166675938
-0.7048491556948218 3.219183948995055 1.6799636083695748
-0.7351371788001706 2.911436156574904 1.4695678384424158

/group/superior_mesenteric_branch1/72
72
posId 72
-0.407793711582223 3.3869785008292426 1.5159458479010424
-0.3047791551783613 3.390772563191478 1.404207268556815
-0.24469063051355952 3.501583712980829 1.4206049109702743
-0.22865985528926905 3.605732814184338 1.4810060311753634
-0.2356776043398502 3.693763383327786 1.5549375918012291
-0.27175530543334125 3.760196262210221 1.6449706785012759
-0.34594257810261186 3.7711288320784844 1.7357052532965618
-0.430337 3.7488248458793736 1.8128276935774394
-0.5221507149967779 3.694483345830892 1.8741375962038065
-0.6021125921659836 3.596066824416824 1.8891565270120265
-0.6451116128836643 3.481523196191719 1.8509456239295432
-0.6549075777132003 3.374729783356599 1.7816228840311983
-0.725431708862537 3.1712038194363625 1.7071893379191108
-0.7480265529534846 2.8425568428442696 1.4854551773215767

/group/superior_mesenteric_branch1/73
73
posId 73
-0.3959081641741175 3.381943514631986 1.5383618231706135
-0.2963724999134341 3.3804975104224755 1.4292484686848168
-0.23661299925663795 3.487150337816567 1.4397294885332785
-0.2203096287546883 3.590305840783225 1.4949302234497082
-0.2298829774203089 3.6759731847975057 1.5658721331841652
-0.2666602809225407 3.7393906982109604 1.6506312109787709
-0.3376764475845505 3.7507665525674523 1.7357915895709133
-0.417328 3.7324124725802617 1.8093178933872114
-0.5045282178168976 3.683504797908571 1.8694478669682537
-0.5816351323325472 3.591180931444707 1.887932420540377
-0.6244198083078049 3.480473194453372 1.8561516616862577
-0.6346637056996958 3.3752191300203904 1.7928874384186066
-0.7032068682408326 3.1762041594214967 1.7266678500884884
-0.7260364028902087 2.8501193367993265 1.520998230680827

/group/superior_mesenteric_branch1/74
74
posId 74
-0.38299918789236675 3.370433053653896 1.554702154826558
-0.28314219854599076 3.365273742033822 1.445399733530613
-0.22210353305132957 3.472001575214445 1.4514804917793123
-0.2054085269003654 3.5775638983009395 1.5038063142146316
-0.21631233268270422 3.665025698585057 1.5733880663846094
-0.2543693691889374 3.7293997291129024 1.656444859100432
-0.32409961601402043 3.746192543064792 1.7415208655284613
-0.404416 3.7309113588491334 1.8165443063776983
-0.4921479478583224 3.6822651419398973 1.8772969311827854
-0.567988815866215 3.58935605868799 1.8960782302380208
-0.609368165400392 3.4786670287955612 1.8665246350938325
-0.619240766994325 3.373048601645183 1.8069276978486553
-0.6872537344877354 3.1745645783747727 1.7473728036032576
-0.7110060129292906 2.844102897787376 1.553336493609272

/group/superior_mesenteric_branch1/75
75
posId 75
-0.36800296775408464 3.345420873423613 1.560539468680726
-0.2606930551730946 3.3390224856419017 1.4454026388783339
-0.1962398934478123 3.4543419650676426 1.4503428378150998
-0.18221616813887337 3.5675680809095733 1.5062193804067325
-0.195537003277378 3.6600088221067146 1.5774969395395346
-0.23335716484193617 3.732166264268871 1.6615404299125507
-0.30528018150228875 3.757205415065224 1.7516119818425169
-0.391517 3.7433579288711063 1.832331233764125
-0.48511568824988316 3.6920027085501346 1.897354329198043
-0.5636144136573329 3.592533257466489 1.91681884432933
-0.6054368690612203 3.4757020731800807 1.887496368860056
-0.6162549330892114 3.36359064009955 1.8289923025419244
-0.6851696844460218 3.1573193685493774 1.772120516619226
-0.708363048389692 2.812339754207928 1.5816397734647758

/group/superior_mesenteric_branch1/76
76
posId 76
-0.35615947213244115 3.342315435996835 1.5836531993447176
-0.298238328818846 3.3904579834885977 1.5530303445122267
-0.2529547733133794 3.4594985103971583 1.5473844095393896
-0.2344355254595667 3.535859006461832 1.573114343312306
-0.24044423106647658 3.603247004827001 1.6184624980075895
-0.2680743080902399 3.6542827424419566 1.67618503224385
-0.3198711318937108 3.6689694921585505 1.7372098116305572
-0.37855 3.652893057034416 1.7872825655951032
-0.43555858165260947 3.613774364221804 1.822238511711162
-0.48372380303235873 3.5539472012500615 1.8361713414563126
-0.5134649749775438 3.481851948731499 1.8242937568642306
-0.5182537921794 3.41149273558847 1.788151946025103
-0.4982042041081567 3.3557263250942273 1.7353519413996008
-0.45732100943970055 3.3230450736690105 1.674898250320881

/group/superior_mesenteric_branch1/77
77
posId 77
-0.3429418464404251 3.331575273752664 1.600816016042422
-0.2849680310856557 3.3791372626195963 1.5692985231645162
-0.2410549344486818 3.448357071096313 1.5635596830416416
-0.2226805799917511 3.524451108494684 1.586907387161279
-0.22966148557809943 3.5914679918619212 1.6304449074989973
-0.2570893858992899 3.642713625173393 1.6856467225910379
-0.3071103003777733 3.6610926524847303 1.7453016630703948
-0.365429 3.6479453687701806 1.7959630625384806
-0.4230822061728494 3.6109901927166472 1.832957388180757
-0.4725118567281569 3.5515352096571453 1.8495027242473538
-0.5007052864729439 3.4781833125815553 1.8373923163671264
-0.5035607002792837 3.4079607150227105 1.8018596973222953
-0.4837270843461049 3.35152600362058 1.7513554178761996
-0.44339462850771305 3.3174202342054437 1.692718092332019

/group/superior_mesenteric_branch1/78
78
posId 78
-0.3322848441632873 3.3409834771848024 1.631145217092283
-0.2809531734250072 3.381499603716733 1.6020068929990217
-0.242342003673015 3.4424002746596694 1.5957046643562847
-0.22805074744160053 3.5094038799948843 1.6161919387512753
-0.23509702442112873 3.5677140227375292 1.6529734615216405
-0.2590434403740254 3.6125511619971777 1.6992796894611675
-0.3019654514692019 3.629754723075614 1.7498617138281227
-0.352073 3.6196464724757553 1.7934158900474275
-0.4013152961693328 3.588253995211293 1.825204418916544
-0.44293401228747203 3.5376551191357737 1.8397195611357042
-0.46702153446118166 3.47534951627329 1.83117282805391
-0.4708341033720722 3.414303160768253 1.8035499160205202
-0.4554567408693306 3.3628774487139883 1.762197705860251
-0.4195116713769369 3.333307648119168 1.712055626257337

/group/superior_mesenteric_branch1/79
79
posId 79
-0.3186424941389634 3.3323500093684326 1.649073818003486
-0.2689874128097637 3.3741948240336725 1.621851476326968
-0.23436445329828126 3.434410816512696 1.6178782261023326
-0.22085029643764012 3.4981960183466874 1.6358044379088632
-0.2219096290076465 3.558253455294784 1.6658560563079974
-0.2413795306485238 3.6100849464914004 1.70952519618055
-0.2854381904482204 3.6313872444830793 1.7619321906426517
-0.338397 3.618734814824326 1.8064271226388482
-0.38775177820442097 3.5836434581529573 1.836627924262423
-0.42709863888670024 3.531897387523886 1.849211213460143
-0.4491167594282971 3.471098782509716 1.8408563233906436
-0.4533860848912548 3.4115139579751608 1.8161258180882311
-0.44185013842244725 3.3571318941930177 1.7788058887561327
-0.4072361484032212 3.3234417390038233 1.729435329699605

/group/superior_mesenteric_branch1/80
80
posId 80
-0.3066796340902807 3.3390672026657824 1.6761700227289973
-0.2626123925567124 3.376154599370154 1.6516719344916442
-0.23011893165799352 3.4287564989872634 1.6451549131313483
-0.21674096581003122 3.4869167200427076 1.6591615106047823
-0.22005675825287951 3.540650580617283 1.686848448795483
-0.23923491319993315 3.5853260037105787 1.7253157820457574
-0.27689123727263676 3.6079315738378543 1.7710752848523221
-0.324319 3.598834751768667 1.8115322749534404
-0.36937020135755305 3.5687707366571817 1.8401671593684417
-0.40585797295014137 3.5223441981848507 1.853265144331097
-0.4255439492606913 3.4664585953267286 1.8462325872469973
-0.42905677705817274 3.411847602715737 1.8245684216404507
-0.4175664165258199 3.362790036084748 1.7913295719050102
-0.38510986345916964 3.3342375404200033 1.7477425882946023

/group/superior_mesenteric_branch1/81
81
posId 81
-0.29135319508043855 3.325432286447726 1.6912918958945375
-0.24443627203709384 3.3620879865319666 1.6636820495655826
-0.21031730322951142 3.4175812991598513 1.6561255456700816
-0.196561684737675 3.47902958615954 1.6700470342879423
-0.19887731399741104 3.5368134520130186 1.6972873942882232
-0.21856733675476622 3.585992402437391 1.7369102622453576
-0.2594268793800072 3.6096397219406433 1.7850863208657153
-0.309755 3.602115500362857 1.8285109444133438
-0.3588781486314132 3.5727354126385684 1.8613269754375115
-0.4000942194189209 3.5235707491932864 1.8782159681143875
-0.4213249807007826 3.4616648025055587 1.8710308128136248
-0.42241149336143485 3.4025649740496307 1.8463753486941572
-0.40840232140267685 3.3510381765237547 1.8110033648884671
-0.37566031045074094 3.3165390745230776 1.7656460780442274

/group/superior_mesenteric_branch1/82
82
posId 82
-0.2796326458284276 3.342446955862323 1.7236104435260688
-0.24363160531648453 3.3751792489496184 1.7041746797145751
-0.21792614072703456 3.418688450494915 1.6986433741541032
-0.20431768548914445 3.4666309369789454 1.7060387254090699
-0.20709160272035243 3.5123582686373775 1.7275336004021367
-0.22489507740316514 3.548512949454944 1.758838511932071
-0.2557923538461111 3.5682367084930013 1.795336502631483
-0.294623 3.5647329358025175 1.829480131678204
-0.3328180431318205 3.541568335745829 1.8548925268755267
-0.3648507897966786 3.503663070971667 1.8685466043481964
-0.38209350673384734 3.455594381847032 1.8644304509181944
-0.38551220646271545 3.407785574724439 1.847749623138538
-0.3745567764283444 3.36544119289868 1.8201568994089945
-0.3480377782376811 3.3368828723999258 1.7840108954018472

/group/superior_mesenteric_branch1/83
83
posId 83
-0.26142146966372354 3.3168948491029124 1.7333282185603234
-0.22031634831709587 3.3556002735629815 1.7114205267099367
-0.19224300602641145 3.405971129526164 1.705977039880448
-0.1769326767803368 3.4600980497658114 1.7136085920095891
-0.17811747974727962 3.513268811912917 1.7358278847480637
-0.19808817916761756 3.5560344443158907 1.7709560669152662
-0.23367582573474846 3.5800470878701836 1.812797922224697
-0.278838 3.5754102357676767 1.8519349533921048
-0.32207750721931705 3.5473582763192155 1.8800159406580557
-0.3563695823693492 3.5033001529099743 1.8936127709926907
-0.37457685588859846 3.4502384203946885 1.8890335453075022
-0.3775637310415404 3.3981096081416107 1.8710140539384505
-0.36596324332756924 3.3514389983384274 1.8419282733309614
-0.3367437169041532 3.3204583765538733 1.8030940366535555

/group/superior_mesenteric_branch1/84
84
posId 84
-0.24486563445327414 3.308733213210613 1.7530537036489926
-0.2040430339418689 3.3478496276657848 1.7313329166044789
-0.17628325295430664 3.397956501261762 1.7255842170919067
-0.16093711921785153 3.451758377181512 1.732423612368159
-0.16076953220011655 3.5057458895604943 1.7529921819038985
-0.17961533389983736 3.5510080732240517 1.7873207290180444
-0.21628870088854676 3.5754615510089445 1.8297048609565092
-0.262338 3.572096061770978 1.8698492423062207
-0.3075794503885194 3.545814487757103 1.9004719548447708
-0.3433519684565889 3.4999031941477017 1.9150408427302459
-0.36031803742398416 3.44436803062997 1.9089938920473892
-0.36245944998175705 3.3913116075458056 1.8905587405299014
-0.350536287829784 3.343864174793286 1.8616206530404942
-0.32089467102896785 3.3121939406109355 1.822794164862204

/group/superior_mesenteric_branch1/85
85
posId 85
-0.2287000516923836 3.3079701159561776 1.7769167301045325
-0.18955639849675704 3.3439415955920433 1.7553360283763837
-0.16012761410411014 3.3902848603955436 1.7463010375728285
-0.1458863533458396 3.4433649546295357 1.753348333894567
-0.147902039317638 3.4949513998590653 1.7743674775472984
-0.16615729642614116 3.538337864779622 1.806844592643439
-0.20074393988538536 3.56351048041953 1.8471312075377961
-0.245239 3.5584378354462567 1.885005200483859
-0.28783727617637955 3.53294466231378 1.913576725612644
-0.3235098332819206 3.4914700211431002 1.930005301650032
-0.34086970217755247 3.437911144840252 1.9255666368073894
-0.34116112966846823 3.3868444593546188 1.9068029117006746
-0.329494514213431 3.3414278498768644 1.8794575420596986
-0.3014247849041473 3.3103051956170693 1.8427782716453711

/group/superior_mesenteric_branch1/86
86
posId 86
-0.2132296686917108 3.3154228352025266 1.804890058144317
-0.1796937753071877 3.3480951611682683 1.7869587856947868
-0.1546169689248279 3.3881249496450643 1.779216764208597
-0.14157403503232957 3.433822116804968 1.784226575742036
-0.14194836761859647 3.4795620988293283 1.8011743514066287
-0.15719924193169707 3.519143200055505 1.8291040050265115
-0.18824799319447327 3.5413047661219914 1.8647437659813544
-0.227749 3.534334101806846 1.897311746799212
-0.2645276198951575 3.5122135830798173 1.9219574316464703
-0.29608051124426005 3.4771672650319814 1.9372642760113177
-0.3114117933869318 3.4304526876976302 1.9339182850197723
-0.31097263292459576 3.3860069233050263 1.9173830315183413
-0.3003154980613348 3.347013519441552 1.893748798424034
-0.27588771577585147 3.3205101334430864 1.8624151703084981

/group/superior_mesenteric_branch1/87
87
posId 87
-0.19425588026294077 3.2982769692844514 1.8210302889802217
-0.1570216010045094 3.3326030143028915 1.800304613604741
-0.13031101443767798 3.3771645753886776 1.7925235567991629
-0.11775431363665571 3.4268018999912653 1.7990633100003446
-0.1183861428980787 3.4757329587764487 1.817014926301431
-0.13477941026935875 3.518073126402138 1.8465619555727564
-0.1687152833482533 3.5396017368441166 1.8842246920023116
-0.210077 3.533575996945807 1.9186598867215587
-0.24941380518113634 3.511613027249316 1.945639411174722
-0.28310033307605476 3.474243204992115 1.9621458000242338
-0.2990662732801966 3.424314303674227 1.9585172700338136
-0.3006071566267664 3.3760696724161803 1.94273102705448
-0.2891666757368738 3.3333527996003385 1.9174299544664402
-0.26228230246992734 3.3048066722688394 1.883508592117219

/group/superior_mesenteric_branch1/88
88
posId 88
-0.17576238646498651 3.2846657030217 1.838828670525829
-0.1356717214036105 3.319284784660147 1.8155970136079866
-0.10477647059662312 3.365702374464766 1.8045792179176272
-0.0903454011016167 3.4203075028874137 1.810917240594335
-0.0925274872265121 3.4735303874607 1.8314041563196028
-0.11150137265536376 3.518320822457242 1.8637380464984612
-0.14766420470713515 3.5426162490392477 1.9040610206971709
-0.19243 3.5384578092933805 1.942035282010199
-0.23587670309626152 3.5148905919619935 1.9720776737947499
-0.2732623815492094 3.47391481308441 1.9907097358322168
-0.2910996248359492 3.418691256126512 1.987155777821035
-0.291782629436109 3.3655927652353332 1.9692355108879522
-0.2797679992110986 3.318019544050435 1.9420598801374906
-0.25076368585434855 3.2848328474015327 1.904939897266929

/group/superior_mesenteric_branch1/89
89
posId 89
-0.15680058842930222 3.265983165714042 1.8539780242586847
-0.11274841437383974 3.3032844454659855 1.8281175521845547
-0.0803696034094008 3.3548638629470395 1.8173999892653445
-0.06651712581021406 3.413635821851463 1.8254081793695718
-0.07025648253049031 3.4693674275144963 1.8478111472123904
-0.09256743698647633 3.513237726698996 1.8824422364042757
-0.1297995667602176 3.5370353186074186 1.9232806536941536
-0.175019 3.535251331777275 1.962351411254062
-0.21910604167476666 3.509913315642125 1.9923470642103847
-0.25654372355082233 3.4680704003081786 2.010844681367011
-0.2762970517123071 3.4125780052214085 2.0091400662355445
-0.2792087298826605 3.357059027952866 1.9926467442581453
-0.26665497434706825 3.3070099179173122 1.9644582557595207
-0.23600588181918328 3.2724719739509247 1.925711856838525

/group/superior_mesenteric_branch1/90
90
posId 90
-0.1393752113714152 3.255764169916873 1.8724475058915502
-0.09343066015355314 3.2925842574899606 1.844703090833582
-0.05999316331112399 3.3460985118141156 1.8335449170833165
-0.0475402355412861 3.406792144929723 1.843172296840475
-0.05054782818613869 3.4641290188859535 1.8651901235425876
-0.07017555103947616 3.5136597672031353 1.8991084519637114
-0.11092749384928632 3.536024470474797 1.9423216725136376
-0.15805 3.530935235393409 1.9818254031475127
-0.20397027486763225 3.508069669220612 2.0142668662320267
-0.24476442792222164 3.4660680069352936 2.035753536318592
-0.2659166688136234 3.407093769592949 2.0343179947494754
-0.26729798709701325 3.348667478630483 2.0157713959357606
-0.25418770170902727 3.2960329853952044 1.9865053263700498
-0.22207710442668072 3.2595387735395254 1.9460744194926458

/group/superior_mesenteric_branch1/91
91
posId 91
-0.1238194919249903 3.255026818312751 1.8942911842842285
-0.07960316235393512 3.2899848205920934 1.867381949539699
-0.04810133420322217 3.3416904049326357 1.8571547628635707
-0.03467375766977816 3.399791500263708 1.86483077291001
-0.03838541240192905 3.454886510463885 1.8864565172815526
-0.05773774947375376 3.5019618960102425 1.9190513677658363
-0.09564281286015622 3.52661445157034 1.9603489551357585
-0.141734 3.523975604016191 1.999680166483373
-0.18651068916150926 3.4992447878962527 2.0304915280633584
-0.22357703399314924 3.45619746840685 2.048463064950749
-0.24417150714957414 3.400635846106109 2.047887289248604
-0.24784697616974413 3.344100332875945 2.0322256280613433
-0.2339352398498988 3.294111291065074 2.0034049778814476
-0.20277817990740363 3.259741179594137 1.9647514747743255

/group/superior_mesenteric_branch1/92
92
posId 92
-0.10768692678984376 3.2439068487978533 1.9102719144744198
-0.06064565645632025 3.278202845406807 1.8806439676443578
-0.025436274578828758 3.3317540392608884 1.8676652462034173
-0.012408454018629417 3.3941898135744855 1.8769223749351331
-0.017030756592101348 3.4524150942863487 1.9001519004827785
-0.03779249755944998 3.501868375497319 1.9345343469007608
-0.07873406340753605 3.5249815389545502 1.9777910018998528
-0.126278 3.522430887085723 2.018328189765688
-0.17254195584006515 3.4972211311453587 2.0502768781607568
-0.2101106301949366 3.4522437510210993 2.068137168254838
-0.23224699351820638 3.3954789524192215 2.068678081533824
-0.2365053731271995 3.3367750085064243 2.053019719428616
-0.22216900918802734 3.284649052004377 2.023347795350262
-0.19002213880704705 3.2482292830797928 1.9833559456761172

/group/superior_mesenteric_branch1/93
93
posId 93
-0.09755977764953852 3.2704063149671048 1.9414587000404193
-0.06279710793534202 3.2991706389165505 1.9206587238272252
-0.03689509097571195 3.339399436360294 1.9112957595745756
-0.026397938297824414 3.385902841512115 1.9173589721213686
-0.02892926443849017 3.4302408618678104 1.9340297184397093
-0.04402141519465673 3.468760708252743 1.9597095585810589
-0.07634970522519982 3.4838404154781717 1.992706661745848
-0.111891 3.479266354481563 2.0220788131779037
-0.1460014786346069 3.462114358109843 2.046102809460427
-0.17417420082784085 3.42940252372425 2.0598913527910367
-0.18914530295709384 3.3870851521945884 2.0590798305847766
-0.19195764459445924 3.3443971131046806 2.0475882674157337
-0.18088804964667354 3.3071589897658016 2.025820111263153
-0.15772883533348783 3.2809324837006155 1.9971472731093822

/group/superior_mesenteric_branch1/94
94
posId 94
-0.084436596769965 3.265299686329467 1.9568505344312674
-0.04995296277716043 3.2945224617853475 1.936410392824859
-0.023514389010256376 3.3341344790173633 1.926302163359319
-0.012645035567886556 3.380830795150302 1.9319787806956423
-0.01595414626435955 3.425057682779767 1.9491459911452131
-0.03187398279352524 3.462438914123461 1.9750300920395607
-0.06343987262795583 3.478298516548401 2.0075169934669375
-0.098782 3.474369977760421 2.0368791530726287
-0.1328773503228959 3.4572964428276136 2.0609107505911677
-0.16034419127147032 3.4240848978864205 2.0739795661121816
-0.17500586385125277 3.382259456439308 2.0731647016082797
-0.17912705291137995 3.339560919346966 2.062931735495772
-0.16693422140999795 3.303262123386065 2.040627929377133
-0.14367157943527542 3.278106081518952 2.0123321033899906

/group/superior_mesenteric_branch1/95
95
posId 95
-0.07265561025853806 3.2597064367910784 1.9700506824014323
-0.03794866219144191 3.2894353683427537 1.9495505607226067
-0.010610157545979187 3.3289483744855026 1.9385615983945679
0.0007611357330415403 3.3764609482563332 1.9439515434358845
-0.002824154767671269 3.421501617661719 1.9614897379813598
-0.019576142609838865 3.4588960698613382 1.9879691197796998
-0.05175768007893589 3.4741148382063214 2.0206906209845226
-0.087159 3.470246691841221 2.050080269050321
-0.12149115315187559 3.4536741325103657 2.0744729212667856
-0.14950231072559747 3.4205743901263546 2.0880994098857886
-0.16461282977939556 3.3782659800483836 2.087612675355595
-0.16886584645887504 3.3348421656009006 2.077374458539889
-0.15643589270728217 3.2979144714355897 2.0547841304019365
-0.1324284177977811 3.2730424137608174 2.026040862166044

/group/superior_mesenteric_branch1/96
96
posId 96
-0.0627235073309674 3.255927300048616 1.981790417510518
-0.028004347839828934 3.285604466117998 1.9612360436497271
-0.0006562243113614613 3.325088528367677 1.9501672805972485
0.010719069886549387 3.372611907331315 1.9554524652530128
0.007132517923649398 3.417693289994663 1.9728854681790986
-0.009625364001359979 3.4551507633911247 1.9992718758367234
-0.041818224344470876 3.470448980445113 2.0319451536403697
-0.077232 3.4666530820788704 2.0613292150629436
-0.11157623270665562 3.4501411641738207 2.085745975247283
-0.13959724583213584 3.41707650671688 2.099437220146462
-0.15471308142818102 3.3747690483491257 2.0990417304174382
-0.15896759450515505 3.3313223353525196 2.08890177250222
-0.1465332673515623 3.294341130760168 2.0664015740188635
-0.12251734556117332 3.269399866854738 2.037725412889439

/group/superior_mesenteric_branch1/97
97
posId 97
-0.05429850521681091 3.249888927608363 1.990034648089145
-0.018758652697225417 3.2805533101396573 1.9690593709777215
0.010260471092990775 3.320452775235841 1.9566237780110078
0.023078015473331867 3.3698467892179913 1.9611600212038074
0.019228250927928875 3.417120137837559 1.9794032783658102
0.001596230142086999 3.4563461264774746 2.006994177285073
-0.0319786575867274 3.472855529714875 2.041165770455204
-0.069208 3.4696124103357193 2.072254307139677
-0.10595493613831762 3.453227132695887 2.0987781985622664
-0.13599385504157166 3.4179429595503343 2.113550313764841
-0.15201511179928362 3.372631967367624 2.1130663171965436
-0.15666782243767136 3.3261477776984756 2.1024060071208273
-0.1427357061156263 3.287179103420848 2.0780876976327964
-0.11655015349051923 3.262151795389813 2.047600977303425

/group/superior_mesenteric_branch1/98
98
posId 98
-0.04795128380836594 3.2443828808385424 1.9957229730410713
-0.011676257177840862 3.2763787882093114 1.9745081836366798
0.015298761989165272 3.3186047290072325 1.9645120690266227
0.025768333984022437 3.367274880915851 1.9707543205010856
0.02211764600320433 3.412958455649914 1.9882232816571757
0.006301503898289831 3.4524931100437968 2.0142435215255876
-0.02619734853157566 3.4702783213274637 2.0478145894801196
-0.063296 3.4654815013013804 2.078267229343394
-0.0990164847532559 3.4486232455535197 2.1037508082297385
-0.12993066218260588 3.4157940322180025 2.1200864868055747
-0.1452169906402359 3.370512582236132 2.119055920337707
-0.14829188840831573 3.325151191991623 2.1074813870898508
-0.13642814921320984 3.285531993748445 2.084839229871531
-0.11135890284935485 3.2585205756949933 2.054775095519914

/group/superior_mesenteric_branch1/99
99
posId 99
-0.045462434211701014 3.259047291014538 2.0085068624780433
-0.014989101242622635 3.2874960671480786 1.9911379151308373
0.009568606609720962 3.3222139307234873 1.980798464859746
0.01970397426051068 3.3645206273040493 1.9852099346429846
0.015716763853764998 3.404251623749621 2.0009616464946496
-0.00017963572952139212 3.4359018686103475 2.024443403594933
-0.027073794952771534 3.4521062149960313 2.0525871254745036
-0.05863 3.4513303863733467 2.0794709503061632
-0.09004342158665725 3.4364016841133678 2.101841856133805
-0.11461174367005664 3.405403382747471 2.113344229377503
-0.12814616371178006 3.3674673786756006 2.1132102311380625
-0.13382016079013714 3.327705260018221 2.105753262988779
-0.12407748105682324 3.2918434019706972 2.0862545713992584
-0.10142974443381667 3.268045839211065 2.059405511282154

